Centralia_C01	Centralia_C02	Centralia_C03	Centralia_C04	Centralia_C05	Centralia_C06	Centralia_C07	Centralia_C08	Centralia_C09	Centralia_C10	Centralia_C11	Centralia_C12	Centralia_C13	Centralia_C14	Centralia_C15	Centralia_C16	Centralia_C17	Centralia_C18
Unassigned;Other;Other;Other	0.001448308	0.000939811	0.000953432	0.001148658	0.001098716	0.001947725	0.001007913	0.000953432	0.000622001	0.00151641	0.002833054	0.001856922	0.002074849	0.002088469	0.001271242	0.000826307	0.000730964	0.001121417
k__Archaea;p__Crenarchaeota;c__Aigarchaeota;o__[Caldiarchales]	0	0	0	0	0	0	0	0	0	0	0	0	5.45E-05	0	0	0	0	0
k__Archaea;p__Crenarchaeota;c__MBGA;Other	0	0	4.54E-06	0	0	0	0	0	1.36E-05	0	0	0	0	9.08E-06	6.36E-05	0	0	0
k__Archaea;p__Crenarchaeota;c__MBGA;o__	3.18E-05	2.72E-05	9.53E-05	2.27E-05	5.90E-05	0.000122584	7.72E-05	3.63E-05	0.006210926	0.20620457	2.27E-05	0.134465647	0	0.121943911	0.08609034	0.001620834	0	0
k__Archaea;p__Crenarchaeota;c__MBGA;o__NRP-J	0.001089636	0.001489169	0.003386953	0.003709303	0.004385786	0.001434688	0.011064348	3.18E-05	0.016376324	0.040988482	0.001094176	0.012321969	4.54E-06	0.030083039	0.011972378	0.000186146	9.08E-05	0.000444935
k__Archaea;p__Crenarchaeota;c__MCG;o__	0	0	0	0	4.54E-06	4.54E-06	0	0	0	0	0	0	0	0	0	0	0	0
k__Archaea;p__Crenarchaeota;c__MCG;o__B10	0	9.08E-06	0	0	0	0	0	0	0	0	0	0	0	0	4.54E-06	0	0	0
k__Archaea;p__Crenarchaeota;c__MCG;o__pGrfC26	0.000508497	0.000281489	0.000222467	3.63E-05	0.000254248	6.81E-05	8.17E-05	5.90E-05	9.53E-05	0.000118044	2.72E-05	8.17E-05	0.000267869	6.81E-05	0.000118044	8.17E-05	6.81E-05	0.000326891
k__Archaea;p__Crenarchaeota;c__Thaumarchaeota;Other	0	0	0	0	0	0	0	0	0	2.27E-05	0	3.63E-05	0	3.18E-05	2.27E-05	4.54E-06	0	0
k__Archaea;p__Crenarchaeota;c__Thaumarchaeota;o__Cenarchaeales	0.000363212	0.000576599	0.000240628	0.006978212	0.003196266	0.000163445	0.026323794	0.00031327	0.037483485	0.001589053	0.000281489	0.010451427	0.010682975	0.000108964	0.020035686	0.003641201	8.17E-05	0.00031327
k__Archaea;p__Crenarchaeota;c__Thaumarchaeota;o__Nitrosocaldales	0	0	0	0	0	0	0	0	0	0	0	0	0.000104423	0	0	0	0	0
k__Archaea;p__Crenarchaeota;c__Thaumarchaeota;o__Nitrososphaerales	0.001979506	0.001457388	0.000948892	0.000513037	0.001080556	0.000276949	0.00030873	0.001648075	0.001053315	0.000758205	0.001112337	0.001679856	0.00361396	0.005053188	0.002896616	0.008054228	0.004976005	0.001766119
k__Archaea;p__Crenarchaeota;c__Thermoprotei;o__	0	0	0	0	0	0	0	0	0	0.000531198	0	0	0	0	0.000394993	0	0	0
k__Archaea;p__Crenarchaeota;c__Thermoprotei;o__Desulfurococcales	0	0	0	0	0	0	0	0	0	0	0	0	0.000354132	0	5.45E-05	0	0	0
k__Archaea;p__Crenarchaeota;c__Thermoprotei;o__Sulfolobales	0	0	0	0	0	0	0	0	0	1.82E-05	0	0	0	0	0	0	0	0
k__Archaea;p__Crenarchaeota;c__Thermoprotei;o__YNPFFA	4.99E-05	1.36E-05	3.18E-05	4.54E-06	4.09E-05	4.54E-05	4.09E-05	1.36E-05	0.162650903	0.011863414	9.08E-06	0.000640161	0	2.27E-05	0.000108964	0	0	0
k__Archaea;p__Euryarchaeota;c__Methanobacteria;o__Methanobacteriales	1.36E-05	0	1.36E-05	0	4.54E-06	0	0	0	4.54E-06	0	0	0	4.54E-06	0	0	0	0	4.54E-06
k__Archaea;p__Euryarchaeota;c__Methanomicrobia;o__Methanomicrobiales	0	0	4.54E-06	0	0	0	0	0	0	0	0	0	0	0	0	0	0	0
k__Archaea;p__Euryarchaeota;c__Methanomicrobia;o__Methanosarcinales	1.36E-05	1.82E-05	0	0	0	0	4.54E-06	0	0	4.54E-06	1.82E-05	9.08E-06	4.54E-06	1.36E-05	0	0	0	4.54E-06
k__Archaea;p__Euryarchaeota;c__Thermoplasmata;o__E2	0.000717344	0.000581139	0.000513037	0.001411987	0.000803607	0.00813141	0.000422234	0.000381373	0.001411987	0.000467636	8.17E-05	0.000263329	0.000372292	0.000204307	0.000227008	0.001307563	0.000122584	0.00030419
k__Archaea;p__Euryarchaeota;c__Thermoplasmata;o__Thermoplasmatales	0	0	0	0	0	0	0	0	0	0.001607213	0	0	0	0	0	0	0	0
k__Archaea;p__[Parvarchaeota];c__[Parvarchaea];o__YLA114	0	1.82E-05	4.54E-06	0	0	0	0	0	0	4.54E-06	0	0	4.54E-06	0	0	0	0	0
k__Bacteria;Other;Other;Other	1.82E-05	4.99E-05	6.36E-05	2.27E-05	5.45E-05	9.08E-06	4.54E-06	4.54E-05	9.08E-06	0	4.09E-05	0	4.99E-05	1.36E-05	2.72E-05	2.72E-05	1.82E-05	1.82E-05
k__Bacteria;p__;c__;o__	6.36E-05	0	9.08E-06	1.36E-05	4.54E-06	0	3.18E-05	8.63E-05	0.000281489	0	9.08E-06	0	9.08E-06	4.54E-06	9.08E-06	9.08E-06	4.54E-06	9.08E-06
k__Bacteria;p__AD3;c__ABS-6;o__	2.72E-05	4.54E-06	4.54E-06	1.82E-05	0	0	2.27E-05	4.54E-06	0	4.54E-06	1.36E-05	0	0	3.18E-05	0	9.08E-06	0	0
k__Bacteria;p__AD3;c__JG37-AG-4;o__	0.000526657	0.000195226	0.000163445	0.001693476	0.000622001	3.63E-05	0.000622001	1.82E-05	0.000762745	4.54E-06	0.001071476	0	0	0.000195226	2.72E-05	0.000122584	6.36E-05	0.000562979
k__Bacteria;p__Acidobacteria;Other;Other	1.82E-05	1.36E-05	9.08E-06	8.63E-05	2.27E-05	0.000131664	3.18E-05	0	8.63E-05	0	9.08E-06	0.000576599	3.18E-05	4.09E-05	0.000104423	1.36E-05	1.82E-05	4.99E-05
k__Bacteria;p__Acidobacteria;c__;o__	0.000544818	0.000322351	0.000181606	4.99E-05	0.000326891	9.53E-05	9.53E-05	0.004417567	0.000245168	0.000145285	7.72E-05	6.36E-05	0.000449475	9.99E-05	0.000213387	8.63E-05	0.004413027	0.000413154
k__Bacteria;p__Acidobacteria;c__AT-s2-57;o__	0	1.36E-05	0	0	2.27E-05	0	4.54E-06	0	1.82E-05	0	0	0	0	0	0	0	0	4.54E-06
k__Bacteria;p__Acidobacteria;c__AT-s54;o__	0	9.08E-06	0	0	0	0	0	0.000208847	4.54E-06	0	0	0	1.36E-05	0	0	0	4.09E-05	0
k__Bacteria;p__Acidobacteria;c__Acidobacteria-5;o__	0.01021988	0.007559351	0.012321969	0.003818267	0.005943057	0.00300558	0.005443641	0.019300181	0.003654821	0.002488003	0.003545858	0.004971465	0.006805686	0.005139451	0.003836427	0.007273322	0.010973545	0.008344797
k__Bacteria;p__Acidobacteria;c__Acidobacteria-6;Other	0	0	0	0	0	0	0	9.08E-06	4.54E-06	0	0	0	0	0	0	0	9.08E-06	4.54E-06
k__Bacteria;p__Acidobacteria;c__Acidobacteria-6;o__BPC015	0	2.72E-05	1.36E-05	0	0	0	9.08E-06	9.08E-06	9.08E-06	4.54E-06	0	0	5.90E-05	0	1.36E-05	9.08E-06	0	9.08E-06
k__Bacteria;p__Acidobacteria;c__Acidobacteria-6;o__CCU21	0.000276949	0.000367752	0.000158905	8.17E-05	0.000449475	8.17E-05	8.17E-05	0.003709303	8.17E-05	6.81E-05	0.000190686	9.08E-06	0.000208847	4.54E-05	8.17E-05	0.000213387	0.001257622	0.000281489
k__Bacteria;p__Acidobacteria;c__Acidobacteria-6;o__iii1-15	0.011250494	0.009811266	0.009252827	0.007409526	0.007237	0.004499289	0.005802313	0.051998347	0.004022574	0.002456222	0.002873915	0.001679856	0.008789732	0.003423274	0.003504996	0.005765992	0.037846697	0.00844014
k__Bacteria;p__Acidobacteria;c__Acidobacteriia;o__Acidobacteriales	0.08549558	0.101817422	0.148526494	0.225141539	0.162977794	0.130928869	0.187762477	0.017974457	0.019422765	0.021089001	0.20169166	0.137807198	0.007591132	0.091938054	0.079112128	0.238080969	0.068819606	0.1294397
k__Bacteria;p__Acidobacteria;c__BPC102;o__	0	0	0	0	0	0	0	0.000127124	0	0	0	0	0	2.72E-05	0	0	3.63E-05	0
k__Bacteria;p__Acidobacteria;c__BPC102;o__B110	0.002279156	0.001843301	0.000921651	0.000267869	0.00091711	0.000122584	0.000276949	0.000340511	0.000735504	0.000499417	0.000158905	0.000263329	0.001330264	0.000385913	0.000567519	0.000490336	0.000149825	0.00121676
k__Bacteria;p__Acidobacteria;c__BPC102;o__MVS-40	0.000740045	0.000721884	0.000417694	4.54E-05	0.000431314	9.99E-05	0.000104423	0.000231548	0.000331431	0.000136205	6.36E-05	9.08E-05	0.000503957	0.000240628	0.000213387	0.00029511	8.17E-05	0.000558439
k__Bacteria;p__Acidobacteria;c__DA052;o__E29	0	0	0	0	0	1.36E-05	0	0	0	0	0	4.54E-06	0.025974203	0	0	0	1.36E-05	0
k__Bacteria;p__Acidobacteria;c__DA052;o__Ellin6513	0.08217219	0.094884612	0.087883699	0.125258221	0.109077124	0.10868213	0.065441734	0.006342591	0.223452603	0.049178914	0.026664306	0.050763426	0.013752117	0.006596839	0.035794549	0.019754196	0.029819711	0.134515589
k__Bacteria;p__Acidobacteria;c__EC1113;o__	1.82E-05	6.36E-05	0.001475549	0.0011986	0.000376833	0.000399533	0.001094176	0.001184979	4.54E-06	0.000122584	6.81E-05	0.000767285	0.001607213	0.000703723	0.002260995	0.000749125	0.000549358	0.000267869
k__Bacteria;p__Acidobacteria;c__GAL08;o__	0	0	0	0	0	0	0	0	0	0	0	0	0.002524324	0	0	0	0	0
k__Bacteria;p__Acidobacteria;c__Holophagae;o__Holophagales	0.00060384	0.000562979	0.000231548	0.000131664	0.000249708	0.000127124	0.000195226	0.00028603	0.000431314	0.000145285	7.26E-05	5.45E-05	0.000349592	0.000181606	0.000108964	0.000140745	5.90E-05	0.00029965
k__Bacteria;p__Acidobacteria;c__OS-K;o__	0	4.54E-06	0	0	1.82E-05	0	0	0	0	0	0	0	4.99E-05	0	0	0	0	0
k__Bacteria;p__Acidobacteria;c__PAUC37f;o__	0.001221301	0.001611754	0.000658322	0.000136205	0.000821767	0.000172526	0.000204307	0.006487876	0.000463095	0.000354132	9.99E-05	0.000167986	0.001271242	0.000376833	0.000567519	0.000481256	0.003432354	0.001003373
k__Bacteria;p__Acidobacteria;c__RB25;o__	0.001166819	0.001089636	0.000549358	0.000158905	0.000472176	8.63E-05	0.000145285	0.008340257	0.000535738	0.000258789	0.000108964	0.000140745	0.000712804	0.000331431	0.000385913	0.000467636	0.006247248	0.000971592
k__Bacteria;p__Acidobacteria;c__S035;o__	0.00031327	0.000199767	5.90E-05	1.82E-05	9.53E-05	3.18E-05	2.27E-05	0.000749125	7.72E-05	8.17E-05	2.72E-05	5.45E-05	0.000154365	7.72E-05	7.26E-05	4.99E-05	0.000703723	0.000154365
k__Bacteria;p__Acidobacteria;c__Solibacteres;Other	0	0	0	0	0	0	0	0	0	0	0	4.54E-06	0	0	9.08E-06	0	0	0
k__Bacteria;p__Acidobacteria;c__Solibacteres;o__JH-WHS99	0.000158905	4.99E-05	0.00028603	6.81E-05	0.000376833	0.011600085	5.45E-05	0.000227008	3.18E-05	1.36E-05	4.54E-06	9.08E-06	4.99E-05	5.90E-05	2.27E-05	2.72E-05	5.45E-05	0.000108964
k__Bacteria;p__Acidobacteria;c__Solibacteres;o__Solibacterales	0.025915181	0.041220029	0.063666535	0.070249754	0.072129376	0.087139115	0.093853998	0.023268273	0.004231421	0.090893819	0.097590542	0.095588335	0.019835919	0.065868508	0.095520233	0.059248968	0.032044385	0.047489978
k__Bacteria;p__Acidobacteria;c__Sva0725;o__Sva0725	0.000535738	0.000431314	0.000631081	0.0036185	0.001057855	0.000145285	0.001248541	0.00631535	0.000213387	0.000127124	6.36E-05	4.99E-05	0.000345051	0.000167986	0.000440395	0.000567519	0.001076016	0.00392723
k__Bacteria;p__Acidobacteria;c__TM1;o__	0.005207553	0.004458428	0.028711914	0.004231421	0.012839547	0.00420872	0.009298229	0.001057855	0.067947897	0.168471377	0.001384746	0.099656311	0.000154365	0.084678353	0.053514758	0.003781946	0.000227008	0.000281489
k__Bacteria;p__Acidobacteria;c__[Chloracidobacteria];o__	4.54E-06	1.36E-05	0	0	0	0	4.54E-06	9.08E-06	0	0	0	0	0.001743418	0.000158905	4.09E-05	9.53E-05	0.000113504	9.08E-06
k__Bacteria;p__Acidobacteria;c__[Chloracidobacteria];o__11-24	0.000935271	0.000740045	0.002456222	0.000118044	0.000853548	0.000245168	0.000145285	0.004099756	0.000349592	0.000208847	0.000140745	0.000158905	0.005811393	0.000376833	0.000213387	0.001720717	0.001293943	0.000758205
k__Bacteria;p__Acidobacteria;c__[Chloracidobacteria];o__DS-100	2.72E-05	5.45E-05	3.63E-05	0	9.08E-06	4.54E-06	0	0.000204307	2.27E-05	4.54E-06	4.54E-06	1.36E-05	4.54E-05	1.82E-05	2.27E-05	2.27E-05	0.000136205	6.36E-05
k__Bacteria;p__Acidobacteria;c__[Chloracidobacteria];o__Ellin7246	0	0	9.08E-06	4.54E-06	0	0.000272409	0.000254248	6.36E-05	0	0	0.001175899	0	0	0.001026074	0.001702557	0.002901156	0.000435854	4.54E-06
k__Bacteria;p__Acidobacteria;c__[Chloracidobacteria];o__PK29	0.000326891	0.000213387	0.000131664	2.27E-05	0.000154365	3.18E-05	1.36E-05	0.001448308	0.000122584	3.63E-05	4.09E-05	3.63E-05	0.005761451	5.45E-05	4.99E-05	0.005016867	0.00088987	0.000145285
k__Bacteria;p__Acidobacteria;c__[Chloracidobacteria];o__RB41	0.00332339	0.003682062	0.001625374	0.000481256	0.001947725	0.000349592	0.00059476	0.002083929	0.001648075	0.000871709	0.00030873	0.000671942	0.004935144	0.001416527	0.002247375	0.001679856	0.00631989	0.00270593
k__Bacteria;p__Acidobacteria;c__iii1-8;Other	0	0	0	0	0	0	0	0	0	0	0	0	0	0	0	0	4.54E-06	0
k__Bacteria;p__Acidobacteria;c__iii1-8;o__	0	0	0	0	0	0	0	6.81E-05	0	0	0	0	0	0	0	0	0	0
k__Bacteria;p__Acidobacteria;c__iii1-8;o__32-20	0.000272409	0.000372292	0.000140745	5.45E-05	9.99E-05	2.72E-05	2.72E-05	0.000640161	6.81E-05	0.000108964	1.82E-05	3.63E-05	0.000204307	6.36E-05	0.000131664	5.45E-05	0.00149825	0.000149825
k__Bacteria;p__Acidobacteria;c__iii1-8;o__DS-18	0.001393826	0.000553898	0.00029965	0.000354132	0.000267869	2.72E-05	0.000449475	0.001893243	0.00028603	0.000104423	0.000481256	6.81E-05	0.00090803	0.00029057	0.000245168	0.001230381	0.00119406	0.000681023
k__Bacteria;p__Acidobacteria;c__iii1-8;o__SJA-36	0.000122584	0.000213387	1.82E-05	2.72E-05	7.72E-05	9.08E-06	3.18E-05	0.000667402	6.81E-05	4.09E-05	9.08E-06	3.63E-05	8.17E-05	4.54E-05	1.82E-05	6.36E-05	0.000335971	4.54E-05
k__Bacteria;p__Actinobacteria;Other;Other	0	0	0	0	0	0	0	0	0	0	0	0	0	0	0	0	4.54E-06	0
k__Bacteria;p__Actinobacteria;c__Acidimicrobiia;o__Acidimicrobiales	9.08E-05	8.17E-05	9.08E-06	4.09E-05	9.08E-06	1.36E-05	3.63E-05	0.000317811	3.63E-05	1.36E-05	3.18E-05	0	7.72E-05	4.54E-06	4.54E-05	2.27E-05	0.000408614	7.72E-05
k__Bacteria;p__Actinobacteria;c__Actinobacteria;o__	4.54E-06	4.54E-06	0	0	0	0	0	0	0	0	0	0	0	0	0	0	4.54E-06	0
k__Bacteria;p__Actinobacteria;c__Actinobacteria;o__Actinomycetales	0.024167223	0.055553285	0.018905188	0.031685713	0.018850706	0.028108074	0.026441838	0.018623699	0.020090167	0.032625524	0.057296703	0.002265535	0.005016867	0.017384238	0.00751849	0.033469992	0.031744735	0.02978793
k__Bacteria;p__Actinobacteria;c__Actinobacteria;o__Bifidobacteriales	1.82E-05	0	0	0	0	9.08E-06	0	9.08E-06	2.72E-05	0	0	0	0	1.36E-05	0	0	1.82E-05	1.82E-05
k__Bacteria;p__Actinobacteria;c__Actinobacteria;o__Micrococcales	0.000231548	0.000163445	6.81E-05	9.08E-06	0.000127124	9.08E-06	9.08E-06	7.26E-05	8.17E-05	9.08E-06	1.36E-05	2.27E-05	0.000322351	7.26E-05	6.36E-05	7.26E-05	5.90E-05	0.000108964
k__Bacteria;p__Actinobacteria;c__Actinobacteria;o__WCHB1-81	0	0	0	0	0	0	0	0	0	0	0	0	1.36E-05	4.54E-06	0	0	0	0
k__Bacteria;p__Actinobacteria;c__Coriobacteriia;o__Coriobacteriales	0	0	4.54E-06	0	0	0	0	0	0	0	0	0	0	0	0	0	0	0
k__Bacteria;p__Actinobacteria;c__MB-A2-108;o__	0	0	0	0	0	0	0	1.36E-05	0	0	0	0	9.08E-06	0	0	6.36E-05	2.27E-05	0
k__Bacteria;p__Actinobacteria;c__MB-A2-108;o__0319-7L14	0.000631081	0.000780906	0.000231548	0.000158905	0.000417694	2.72E-05	4.09E-05	0.004658195	0.00030419	0.000113504	5.45E-05	8.63E-05	0.001716177	0.000276949	0.000131664	0.001035154	0.004358545	0.000322351
k__Bacteria;p__Actinobacteria;c__OPB41;o__	0.000935271	0.000740045	0.000340511	9.08E-05	0.000485796	6.81E-05	5.90E-05	0.00030873	0.000349592	0.000181606	9.08E-05	0.000140745	0.000667402	0.000190686	0.000272409	0.000399533	0.000167986	0.000744585
k__Bacteria;p__Actinobacteria;c__Rubrobacteria;o__Rubrobacterales	0.000186146	2.27E-05	6.36E-05	0	4.09E-05	1.36E-05	1.36E-05	0.000140745	4.54E-05	1.36E-05	0	9.08E-06	0.053855269	9.08E-05	0	2.72E-05	2.72E-05	1.36E-05
k__Bacteria;p__Actinobacteria;c__Thermoleophilia;Other	0	0	0	0	0	0	0	0	9.08E-06	0	0	0	0	0	0	0	4.54E-06	0
k__Bacteria;p__Actinobacteria;c__Thermoleophilia;o__	2.27E-05	0	0	0	0	0	0	0	0	0	0	0	0	0	2.27E-05	0	0	0
k__Bacteria;p__Actinobacteria;c__Thermoleophilia;o__Gaiellales	0.006111043	0.004095216	0.007763658	0.003486836	0.002147491	0.005502663	0.001620834	0.022105994	0.002524324	0.001289403	0.001021534	0.000517577	0.005489042	0.006356211	0.002769492	0.014183431	0.026282933	0.003028281
k__Bacteria;p__Actinobacteria;c__Thermoleophilia;o__Solirubrobacterales	0.005834094	0.010692055	0.00751395	0.007359584	0.007473088	0.016498908	0.006964591	0.010900902	0.012576218	0.007563891	0.021343249	0.000422234	0.001643535	0.010347004	0.002633287	0.015368411	0.012803225	0.008253994
k__Bacteria;p__Aquificae;c__Aquificae;o__Aquificales	0	0	0	0	0	0	0	0	0	0	0	0	6.36E-05	0	0	0	0	0
k__Bacteria;p__Armatimonadetes;c__;o__	0	0	0	0	0	0	0	0	0	0	0	0	0.00029057	0	0	0	0	0
k__Bacteria;p__Armatimonadetes;c__0319-6E2;o__	0.000149825	4.54E-05	0.000122584	0.000254248	6.81E-05	9.99E-05	0.000263329	0.000522117	1.82E-05	1.82E-05	0.000217927	0.000717344	0.001112337	0.000154365	0.000195226	0.000426774	0.000267869	4.99E-05
k__Bacteria;p__Armatimonadetes;c__Armatimonadia;o__FW68	0.000122584	0.000508497	0.001016994	0.000703723	0.001080556	0.000449475	0.001775199	1.82E-05	3.18E-05	0.000367752	0.002247375	6.36E-05	0	0.00030419	4.99E-05	0.000190686	0.000490336	0.0005993
k__Bacteria;p__Armatimonadetes;c__Chthonomonadetes;o__Chthonomonadales	0.000204307	0.000349592	0.000880789	0.000258789	0.000394993	0.002592426	0.000553898	0.000145285	0.006478795	0.003486836	0.000326891	0.000345051	7.72E-05	0.001557272	0.000499417	0.000844468	0.000449475	0.00029057
k__Bacteria;p__Armatimonadetes;c__Chthonomonadetes;o__SJA-22	9.53E-05	0	0.000231548	3.18E-05	0	0	9.08E-06	3.63E-05	0	0	1.36E-05	0	0.001847841	0	0	0	0.000136205	0
k__Bacteria;p__Armatimonadetes;c__OPB50;o__	0	0	4.54E-06	4.54E-06	1.82E-05	0	0	0	0	0	4.54E-06	0	0	0	0	0	4.54E-06	1.36E-05
k__Bacteria;p__Armatimonadetes;c__OS-L;o__	0	0	0	0	0	0	0	0	0	0	0	0	0.000122584	0	0	0	0	0
k__Bacteria;p__Armatimonadetes;c__SHA-37;o__	5.45E-05	2.27E-05	2.72E-05	2.72E-05	2.72E-05	0	4.54E-06	4.54E-06	4.54E-05	0	0	0	2.27E-05	2.27E-05	9.08E-06	0	9.08E-06	7.26E-05
k__Bacteria;p__Armatimonadetes;c__SJA-176;o__GAB-B06	0.000245168	0.000249708	7.72E-05	6.81E-05	0.000213387	6.36E-05	4.54E-05	4.54E-06	0.000136205	8.63E-05	2.72E-05	1.82E-05	0.000199767	7.72E-05	3.63E-05	5.90E-05	2.27E-05	0.000190686
k__Bacteria;p__Armatimonadetes;c__SJA-176;o__RB046	0.001747958	0.001307563	0.000676482	0.000149825	0.00090349	0.000149825	0.000118044	0.000140745	0.000622001	0.000340511	0.000113504	0.000245168	0.000799067	0.000449475	0.00031327	0.000335971	0.000167986	0.001425607
k__Bacteria;p__Armatimonadetes;c__SJA-176;o__TP122	9.08E-06	0	0	0	0	0	0	4.54E-06	1.36E-05	0	0	0	1.36E-05	9.08E-06	0	2.72E-05	0	0
k__Bacteria;p__Armatimonadetes;c__[Fimbriimonadia];o__[Fimbriimonadales]	0.000404073	0.000222467	0.001825141	0.000930731	0.00029511	0.000862629	0.000258789	0.000163445	0.000154365	0.000131664	0.000490336	0.000340511	0.0650195	0.000381373	0.001380206	0.000118044	0.000444935	0.001280323
k__Bacteria;p__BHI80-139;c__;o__	4.54E-06	4.99E-05	0.000254248	0.000136205	5.45E-05	4.54E-05	0.000254248	7.26E-05	0	0	7.26E-05	0	0	1.82E-05	9.08E-06	0.000195226	3.18E-05	1.82E-05
k__Bacteria;p__BRC1;c__;o__	0	0	4.54E-06	0	0	0	0	0	0	0	0	0	0	0	0	0	0	0
k__Bacteria;p__BRC1;c__NPL-UPA2;o__	0	1.36E-05	0	0	0	0	0	0	0	0	0	0	0	0	0	0	0	0
k__Bacteria;p__BRC1;c__PRR-11;o__	4.54E-05	0.000113504	9.99E-05	0	3.63E-05	0	9.08E-06	1.82E-05	4.54E-05	2.27E-05	9.08E-06	3.18E-05	5.45E-05	9.08E-06	4.54E-05	2.72E-05	4.54E-06	0.000140745
k__Bacteria;p__Bacteroidetes;Other;Other	4.99E-05	9.53E-05	0.00029057	9.08E-06	7.26E-05	4.54E-06	2.72E-05	4.09E-05	6.81E-05	3.18E-05	3.18E-05	3.18E-05	9.08E-06	0	2.27E-05	1.82E-05	3.18E-05	6.36E-05
k__Bacteria;p__Bacteroidetes;c__;o__	0	0	0	0	0	0	0	0.000149825	0	0	0	0	0.000245168	0	0	9.08E-06	0	0
k__Bacteria;p__Bacteroidetes;c__At12OctB3;o__	0	5.45E-05	0.000381373	0.000490336	0.000199767	0.000136205	0.000744585	2.72E-05	0	2.27E-05	0.00029057	0.000113504	5.90E-05	7.72E-05	1.36E-05	0.000145285	0.000331431	0.00030419
k__Bacteria;p__Bacteroidetes;c__BME43;o__	3.18E-05	2.72E-05	9.08E-06	4.54E-06	4.54E-06	0	0	0	0	9.08E-06	1.82E-05	0	1.82E-05	2.72E-05	9.08E-06	9.08E-06	4.54E-06	3.63E-05
k__Bacteria;p__Bacteroidetes;c__Bacteroidia;o__Bacteroidales	0.069069314	0.060057115	0.034736694	0.005575305	0.035549381	0.004971465	0.008344797	0.010378785	0.024471413	0.015931389	0.007118956	0.011159691	0.053678203	0.021570257	0.019390984	0.01925478	0.009352711	0.044053083
k__Bacteria;p__Bacteroidetes;c__Cytophagia;o__Cytophagales	0.009134783	0.005230254	0.005439101	0.004676355	0.004299523	0.004939684	0.012321969	0.01774745	0.001979506	0.001076016	0.003046441	0.001180439	0.005066808	0.001747958	0.004049815	0.002537944	0.019005071	0.003986252
k__Bacteria;p__Bacteroidetes;c__Flavobacteriia;o__Flavobacteriales	0.002483463	0.002501623	0.001684396	0.000227008	0.001339344	0.000258789	0.000490336	0.003050981	0.000849008	0.000576599	0.00030419	0.000417694	0.001893243	0.000658322	0.000721884	0.000776366	0.002238294	0.001657155
k__Bacteria;p__Bacteroidetes;c__SM1A07;o__	0	0	0	0	0	0	0	5.45E-05	0	0	0	0	0	0	0	3.63E-05	4.54E-06	0
k__Bacteria;p__Bacteroidetes;c__Sphingobacteriia;o__Sphingobacteriales	0.010628493	0.008935017	0.016471667	0.012617079	0.015758864	0.005316517	0.028130775	0.022596331	0.003159945	0.003114543	0.010950844	0.002778572	0.007754578	0.004880662	0.005952138	0.009815806	0.017220792	0.01566352
k__Bacteria;p__Bacteroidetes;c__VC2_1_Bac22;o__	0	4.54E-06	3.18E-05	9.08E-06	1.82E-05	0	0	2.72E-05	1.36E-05	2.27E-05	1.36E-05	0	0.000145285	0	4.54E-06	3.18E-05	0.000145285	1.36E-05
k__Bacteria;p__Bacteroidetes;c__[Rhodothermi];o__[Rhodothermales]	2.27E-05	1.82E-05	0	0	0	0	0	1.82E-05	0	9.08E-06	0	0	0.000145285	4.54E-06	0	0	0	1.36E-05
k__Bacteria;p__Bacteroidetes;c__[Saprospirae];o__[Saprospirales]	0.045369727	0.040311999	0.046768094	0.015636279	0.038981735	0.053655502	0.028534848	0.028430424	0.0373382	0.011786232	0.040470904	0.012144903	0.039953327	0.015295768	0.019935802	0.022187717	0.064851514	0.037887559
k__Bacteria;p__Caldithrix;c__Caldithrixae;o__Caldithrixales	0	0	0	0	0	0	0	0	0	0	0	0	0	0	0	9.08E-06	0	0
k__Bacteria;p__Chlamydiae;c__Chlamydiia;Other	0	0	0	0	0	0	0	2.27E-05	0	0	0	0	0	0	0	0	1.82E-05	0
k__Bacteria;p__Chlamydiae;c__Chlamydiia;o__	0.000131664	0.000971592	0.000749125	4.99E-05	0.000499417	0.001371126	0.00029511	0.000844468	1.36E-05	0	2.27E-05	0.000122584	3.18E-05	2.72E-05	3.63E-05	4.54E-05	0.00029965	6.81E-05
k__Bacteria;p__Chlamydiae;c__Chlamydiia;o__Chlamydiales	0.003273449	0.002424441	0.010210799	0.004394866	0.009361791	0.013865621	0.01685304	0.006869248	0.000957972	2.72E-05	0.005230254	0.001343885	0.000794526	0.000508497	0.002011287	0.008199512	0.003527697	0.00301466
k__Bacteria;p__Chlorobi;Other;Other	0	0	0	0	0	0	0	1.36E-05	0	0	0	0	0	9.08E-06	0	0	0	0
k__Bacteria;p__Chlorobi;c__;o__	0.000644701	0.000517577	0.001343885	0.002074849	0.000862629	0.000690103	0.004767158	0.00030419	0.000254248	9.08E-05	0.001026074	0.005974838	0.00060838	0.002088469	0.001312104	0.002960178	0.000998833	0.000967052
k__Bacteria;p__Chlorobi;c__BSV26;o__A89	0.000231548	0.000213387	0.006506036	2.27E-05	5.90E-05	0.000340511	0.000767285	0.004976005	0.000145285	5.90E-05	4.54E-06	8.17E-05	6.36E-05	7.26E-05	4.09E-05	8.17E-05	0.002424441	0.000154365
k__Bacteria;p__Chlorobi;c__BSV26;o__BSN164	0	0	0	0	0	0	0	0	0	0	0	0	0	0	4.99E-05	0	0	0
k__Bacteria;p__Chlorobi;c__BSV26;o__C20	0.000426774	0.000326891	0.000249708	3.18E-05	0.000240628	4.09E-05	2.72E-05	0.000217927	0.000113504	9.53E-05	5.45E-05	8.63E-05	0.011618246	0.000108964	8.17E-05	0.000108964	3.63E-05	0.000204307
k__Bacteria;p__Chlorobi;c__BSV26;o__PK329	0.001371126	0.001330264	0.000640161	0.000154365	0.000508497	0.000181606	0.000213387	0.002065769	0.000581139	0.000331431	0.000122584	0.000276949	0.014038146	0.000204307	0.000394993	0.00030419	0.000276949	0.001166819
k__Bacteria;p__Chlorobi;c__BSV26;o__VC38	0.000172526	0.000145285	0.000154365	2.72E-05	0.000172526	0	7.72E-05	1.82E-05	0.000118044	4.99E-05	4.09E-05	1.36E-05	0.001611754	0.000104423	6.36E-05	7.72E-05	6.81E-05	0.000113504
k__Bacteria;p__Chlorobi;c__Ignavibacteria;o__Ignavibacteriales	0.005498123	0.004494749	0.002451681	0.000494876	0.002510703	0.000490336	0.000835388	0.000789986	0.001965885	0.001384746	0.00061292	0.000871709	0.003654821	0.001343885	0.001380206	0.001489169	0.000481256	0.003427814
k__Bacteria;p__Chlorobi;c__OPB56;o__	0.000349592	9.53E-05	0.000177066	9.08E-05	9.99E-05	4.54E-06	0.000535738	9.08E-05	4.09E-05	1.36E-05	4.09E-05	4.54E-06	0.000435854	4.54E-05	4.54E-05	0.000217927	5.45E-05	0.000240628
k__Bacteria;p__Chlorobi;c__SJA-28;o__	0.004095216	0.00271955	0.001938644	0.000372292	0.001875082	0.000254248	0.000522117	0.00121222	0.00119406	0.000976132	0.000358672	0.000626541	0.00301012	0.001062395	0.001375666	0.00121222	0.0005993	0.00301466
k__Bacteria;p__Chloroflexi;Other;Other	0	4.54E-06	0	0	0	0	0	0.000113504	0	0	0	0	4.54E-06	0	0	0	1.36E-05	4.54E-06
k__Bacteria;p__Chloroflexi;c__;o__	0	0	0	0	0	0	0	2.72E-05	0	0	0	0	3.63E-05	9.08E-06	0	6.36E-05	9.08E-06	0
k__Bacteria;p__Chloroflexi;c__Anaerolineae;Other	4.09E-05	4.09E-05	9.08E-06	0.000104423	5.90E-05	0	2.27E-05	4.54E-06	0	2.27E-05	4.54E-06	1.82E-05	9.99E-05	4.54E-05	3.18E-05	4.54E-05	4.54E-06	3.63E-05
k__Bacteria;p__Chloroflexi;c__Anaerolineae;o__	3.63E-05	2.72E-05	3.18E-05	0	1.82E-05	0	9.08E-06	7.26E-05	3.18E-05	4.54E-06	1.36E-05	0	0.000794526	9.08E-06	3.18E-05	4.54E-06	0	4.54E-06
k__Bacteria;p__Chloroflexi;c__Anaerolineae;o__A31	3.63E-05	6.36E-05	8.17E-05	7.72E-05	4.09E-05	9.08E-06	2.27E-05	0.000413154	9.08E-06	0	4.54E-06	1.36E-05	8.17E-05	4.99E-05	8.63E-05	0.007600212	0.000681023	0.000104423
k__Bacteria;p__Chloroflexi;c__Anaerolineae;o__Anaerolineales	0.010996245	0.010437807	0.005352838	0.00118952	0.004794399	0.000662862	0.001348425	0.001466469	0.004317683	0.002038528	0.001007913	0.001330264	0.007191599	0.002778572	0.003091843	0.002492543	0.001298483	0.007087175
k__Bacteria;p__Chloroflexi;c__Anaerolineae;o__Ardenscatenales	4.54E-06	1.82E-05	9.08E-06	0	4.54E-06	9.08E-06	0	0	5.45E-05	0	4.54E-06	0	3.18E-05	0	2.27E-05	0	3.63E-05	0
k__Bacteria;p__Chloroflexi;c__Anaerolineae;o__CFB-26	0.000335971	0.00029511	0.000181606	1.82E-05	0.000186146	2.72E-05	5.45E-05	0.001829681	0.000181606	2.27E-05	4.54E-06	4.09E-05	0.000204307	4.09E-05	0.000131664	8.17E-05	0.000199767	0.000227008
k__Bacteria;p__Chloroflexi;c__Anaerolineae;o__Caldilineales	0.000145285	0.00030419	3.63E-05	9.08E-06	0.000240628	0	9.08E-06	0.000281489	8.17E-05	4.99E-05	2.27E-05	2.72E-05	0.00088987	4.54E-05	8.63E-05	0.000181606	0.000154365	0.000204307
k__Bacteria;p__Chloroflexi;c__Anaerolineae;o__DRC31	1.82E-05	2.27E-05	9.08E-06	0	0	0	0	9.08E-06	0	4.54E-06	0	0	0	0	0	0	0	0
k__Bacteria;p__Chloroflexi;c__Anaerolineae;o__GCA004	0.004426647	0.004644574	0.002369959	0.000481256	0.002211053	0.000263329	0.000622001	0.000853548	0.001643535	0.001066935	0.000444935	0.000644701	0.002823974	0.001443768	0.001452848	0.001184979	0.000581139	0.003296149
k__Bacteria;p__Chloroflexi;c__Anaerolineae;o__H39	0.001584513	7.72E-05	4.09E-05	0.000104423	0.000145285	9.08E-06	6.81E-05	0.00150279	4.09E-05	6.36E-05	1.82E-05	3.63E-05	0.000217927	8.63E-05	4.09E-05	8.17E-05	0.000735504	0.000136205
k__Bacteria;p__Chloroflexi;c__Anaerolineae;o__S0208	7.72E-05	5.90E-05	2.27E-05	0	7.26E-05	0	1.82E-05	0.000622001	2.72E-05	1.82E-05	0	0	0.000163445	3.63E-05	0	1.36E-05	3.63E-05	0.000108964
k__Bacteria;p__Chloroflexi;c__Anaerolineae;o__SB-34	2.27E-05	1.82E-05	0	0	9.08E-06	0	9.08E-06	2.72E-05	0	0	0	0	0	0	0	0	0	4.54E-06
k__Bacteria;p__Chloroflexi;c__Anaerolineae;o__SBR1031	0.005493582	0.0054164	0.001343885	0.000871709	0.000985213	0.001757038	0.000740045	0.013311722	0.000331431	0.000335971	0.001234921	0.000195226	0.007586592	0.000481256	0.002152031	0.003246208	0.004962385	0.0011986
k__Bacteria;p__Chloroflexi;c__Anaerolineae;o__SHA-20	3.63E-05	0	1.36E-05	0	0	0	0	0.000145285	0	0	0	0	3.63E-05	0	4.54E-06	0	8.17E-05	0
k__Bacteria;p__Chloroflexi;c__Anaerolineae;o__SJA-15	0.000145285	0.000258789	9.08E-05	7.72E-05	0.000113504	2.27E-05	2.72E-05	2.72E-05	7.26E-05	2.72E-05	4.09E-05	2.72E-05	0.000249708	7.72E-05	7.72E-05	3.18E-05	4.09E-05	0.000163445
k__Bacteria;p__Chloroflexi;c__Anaerolineae;o__WCHB1-50	0.000236088	7.26E-05	6.81E-05	8.63E-05	1.36E-05	9.08E-06	2.72E-05	0.000581139	5.90E-05	4.54E-05	1.36E-05	2.72E-05	0.000158905	7.26E-05	3.63E-05	3.18E-05	7.72E-05	0.000213387
k__Bacteria;p__Chloroflexi;c__Anaerolineae;o__envOPS12	0.000771826	0.000853548	0.000426774	7.72E-05	0.000435854	4.99E-05	9.99E-05	0.000812687	0.000358672	0.000108964	5.45E-05	9.08E-05	0.002006747	0.000227008	0.000408614	0.000236088	0.00028603	0.000540278
k__Bacteria;p__Chloroflexi;c__Anaerolineae;o__pLW-97	0	5.90E-05	2.27E-05	0	0	0	0	0.000108964	0	1.36E-05	9.08E-06	0	4.54E-06	0	0	2.27E-05	4.09E-05	4.54E-06
k__Bacteria;p__Chloroflexi;c__C0119;o__	0.00029965	0.000149825	9.99E-05	0.000108964	6.36E-05	3.63E-05	0.000177066	0.000703723	4.09E-05	3.18E-05	0.00059476	4.54E-06	5.90E-05	6.36E-05	0.000149825	0.000136205	0.00088987	5.45E-05
k__Bacteria;p__Chloroflexi;c__Chloroflexi;o__AKIW781	0	4.54E-06	0	0	0	0	0	4.99E-05	1.82E-05	0	0	0	0.000517577	0	0	0	0.000104423	0
k__Bacteria;p__Chloroflexi;c__Chloroflexi;o__Chloroflexales	0	0	0	0	0	0	0	3.63E-05	0	0	0	0	3.63E-05	0	0	0	0.000186146	0
k__Bacteria;p__Chloroflexi;c__Chloroflexi;o__Herpetosiphonales	0	0	0	0	0	0	0	4.54E-06	0	0	0	0	1.36E-05	0	1.82E-05	4.54E-06	0	0
k__Bacteria;p__Chloroflexi;c__Chloroflexi;o__[Roseiflexales]	9.08E-05	0.000208847	4.54E-05	1.82E-05	1.82E-05	4.54E-06	1.36E-05	0.004921523	5.45E-05	4.99E-05	9.08E-06	1.82E-05	0.001026074	3.18E-05	2.72E-05	0.000440395	0.002320017	7.26E-05
k__Bacteria;p__Chloroflexi;c__Dehalococcoidetes;o__	0	0	0	0	0	0	0	0	0	4.54E-06	0	0	4.54E-06	0	0	0	0	1.36E-05
k__Bacteria;p__Chloroflexi;c__Dehalococcoidetes;o__Dehalococcoidales	0.000104423	0.00029965	0.000140745	2.27E-05	8.63E-05	3.63E-05	9.08E-06	5.45E-05	9.08E-05	3.18E-05	3.18E-05	5.45E-05	0.000158905	0.000104423	5.45E-05	0.000122584	4.54E-06	0.000258789
k__Bacteria;p__Chloroflexi;c__Ellin6529;o__	0.001430148	0.000971592	0.000476716	0.000217927	0.000635621	0.000149825	0.000195226	0.009992872	0.006206386	0.00029057	0.000131664	0.000127124	0.001393826	0.000340511	0.000454015	0.000208847	0.005053188	0.000771826
k__Bacteria;p__Chloroflexi;c__Gitt-GS-136;o__	0.000454015	0.000227008	9.99E-05	9.08E-06	0.000104423	4.54E-06	2.27E-05	0.000957972	8.17E-05	9.53E-05	1.36E-05	2.72E-05	0.000726424	0.000122584	2.72E-05	3.18E-05	0.000245168	0.000131664
k__Bacteria;p__Chloroflexi;c__Ktedonobacteria;Other	1.36E-05	0	0	0.000957972	8.63E-05	0.002592426	0.001225841	4.54E-06	9.08E-06	9.08E-06	0.002928397	0.002774032	0	0.00121676	0.00572059	0.006478795	0	1.82E-05
k__Bacteria;p__Chloroflexi;c__Ktedonobacteria;o__	0.002002207	0.001734338	0.000835388	0.002737711	0.00180244	0.021256986	0.000712804	1.36E-05	4.54E-06	0.000113504	0.004108836	0.008612666	0	0.000935271	0.023159309	0.001057855	3.18E-05	4.09E-05
k__Bacteria;p__Chloroflexi;c__Ktedonobacteria;o__B10-SB3A	9.08E-06	0	0	9.08E-06	0	2.27E-05	0	0	0.000758205	0	0	0	0	4.54E-06	0	0	0	0
k__Bacteria;p__Chloroflexi;c__Ktedonobacteria;o__B12-WMSP1	1.36E-05	0	9.08E-06	9.08E-06	0	4.54E-06	1.36E-05	0	1.36E-05	1.82E-05	1.82E-05	0	0	2.72E-05	0	0	0	0
k__Bacteria;p__Chloroflexi;c__Ktedonobacteria;o__Elev-1554	4.54E-06	2.27E-05	0	4.54E-06	0	2.27E-05	0	0	0.000158905	0	3.63E-05	0	0	4.54E-06	0	4.54E-06	0	1.36E-05
k__Bacteria;p__Chloroflexi;c__Ktedonobacteria;o__JG30-KF-AS9	0.006183685	0.001425607	8.17E-05	0.001316644	0.000217927	0.003423274	0.000345051	0.001080556	0.000158905	3.63E-05	0.000140745	0.002079389	0	0.000876249	0.001870542	4.09E-05	0.001121417	0.000127124
k__Bacteria;p__Chloroflexi;c__Ktedonobacteria;o__Ktedonobacterales	0.017479581	0.005384619	0.011845253	0.02168376	0.00632897	0.02317747	0.013057474	0.001929564	0.000131664	0.005366458	0.023268273	0.1053542	1.36E-05	0.082694307	0.029243111	0.052747472	0.007545731	0.005466342
k__Bacteria;p__Chloroflexi;c__Ktedonobacteria;o__TK10	0.000217927	0.000190686	0.000154365	0.000213387	0.000122584	0.000213387	0.000245168	9.08E-06	8.63E-05	2.72E-05	8.63E-05	0.000204307	0	0.000540278	0.00029057	0.00060838	1.36E-05	9.08E-06
k__Bacteria;p__Chloroflexi;c__Ktedonobacteria;o__Thermogemmatisporales	0.025615531	0.017352456	0.005561685	0.066953604	0.037442624	0.022523688	0.037833077	0.004699056	0.04967379	0.081940642	0.063453148	0.047390094	0.000222467	0.156181188	0.137902541	0.027563256	0.003981712	0.012716962
k__Bacteria;p__Chloroflexi;c__P2-11E;o__	9.99E-05	8.17E-05	4.54E-06	1.82E-05	0	0	9.08E-06	0.000340511	3.18E-05	0	0	0	2.72E-05	0	9.08E-06	0	0.00029057	2.72E-05
k__Bacteria;p__Chloroflexi;c__S085;o__	0.000385913	0.000231548	0.000127124	4.54E-05	0.000195226	2.27E-05	5.45E-05	0.001838761	9.99E-05	8.63E-05	2.27E-05	3.63E-05	0.0036185	0.000131664	5.90E-05	0.000622001	0.000653782	0.000276949
k__Bacteria;p__Chloroflexi;c__SAR202;o__	0	0	3.18E-05	6.81E-05	1.36E-05	0	4.54E-05	1.36E-05	4.54E-06	9.08E-06	4.54E-06	0	0.000186146	1.82E-05	0	1.82E-05	1.36E-05	0
k__Bacteria;p__Chloroflexi;c__SHA-26;o__	9.08E-06	4.54E-06	0	0	9.08E-06	0	0	0	0	0	0	0	0	0	1.36E-05	2.72E-05	4.54E-06	0
k__Bacteria;p__Chloroflexi;c__TK10;Other	0	0	0	0	0	0	0	0	0	0	0	0	3.18E-05	0	0	0	0	0
k__Bacteria;p__Chloroflexi;c__TK10;o__	5.90E-05	7.72E-05	4.54E-05	0	4.54E-06	0	4.54E-06	0.001520951	1.36E-05	9.08E-06	9.08E-06	0	0.000227008	3.18E-05	1.36E-05	0.000131664	0.000204307	1.82E-05
k__Bacteria;p__Chloroflexi;c__TK10;o__AKYG885	9.53E-05	0.000136205	0.000104423	2.27E-05	3.63E-05	5.45E-05	4.09E-05	0.001539111	9.08E-05	9.08E-06	4.54E-06	4.54E-06	0.000245168	4.99E-05	5.90E-05	0.00059476	0.000667402	8.17E-05
k__Bacteria;p__Chloroflexi;c__TK10;o__B07_WMSP1	0.001997666	0.00029965	0.00029057	0.001738878	0.000249708	0.001280323	0.000635621	0.00088987	1.82E-05	0.000118044	0.002556105	0.000154365	0.000118044	0.000871709	0.000345051	0.000994293	0.000817227	0.000190686
k__Bacteria;p__Chloroflexi;c__TK17;o__	5.45E-05	0.000163445	4.99E-05	0.000140745	7.26E-05	2.27E-05	0.000177066	0.000231548	4.09E-05	3.63E-05	0.000158905	1.36E-05	0.000108964	0.000113504	6.36E-05	0.000167986	9.53E-05	8.17E-05
k__Bacteria;p__Chloroflexi;c__TK17;o__TK18	1.82E-05	0	4.54E-06	0	4.54E-06	0	0	0	4.54E-06	0	4.54E-06	0	0	0	0	9.08E-06	0	0
k__Bacteria;p__Chloroflexi;c__TK17;o__mle1-48	0.000276949	0.000326891	0.000122584	1.82E-05	0.000167986	4.09E-05	5.90E-05	0.000317811	0.000118044	2.72E-05	3.18E-05	5.45E-05	0.000553898	0.000177066	0.000199767	0.000186146	0.000140745	0.00031327
k__Bacteria;p__Chloroflexi;c__Thermomicrobia;o__	0	0	0	0	0	0	0	0	0	0	0	0	0	0	4.54E-06	0	0	0
k__Bacteria;p__Chloroflexi;c__Thermomicrobia;o__AKYG1722	0	0	0	9.08E-06	2.72E-05	0	9.08E-06	4.09E-05	0	9.08E-06	0	9.08E-06	0.000122584	4.09E-05	0	0	2.27E-05	1.36E-05
k__Bacteria;p__Chloroflexi;c__Thermomicrobia;o__Ellin6537	0.000127124	3.18E-05	0	6.81E-05	0	2.27E-05	9.08E-05	1.36E-05	4.99E-05	0	5.90E-05	4.54E-06	0	1.82E-05	4.09E-05	6.81E-05	3.18E-05	9.08E-06
k__Bacteria;p__Chloroflexi;c__Thermomicrobia;o__JG30-KF-CM45	1.82E-05	3.18E-05	2.72E-05	0	1.36E-05	1.36E-05	0	0.000267869	1.36E-05	0	9.08E-06	0	6.81E-05	1.36E-05	9.08E-06	1.36E-05	9.08E-05	4.54E-06
k__Bacteria;p__Chloroflexi;c__Thermomicrobia;o__Sphaerobacterales	0	0	0	0	0	2.27E-05	0	0	0.000186146	4.54E-06	0	9.08E-06	0	0.000113504	9.08E-05	1.36E-05	0	0
k__Bacteria;p__Cyanobacteria;c__;o__	0	0	0	0	0	0	0	0	0	1.82E-05	1.82E-05	0	0	4.54E-06	0	0	0	0
k__Bacteria;p__Cyanobacteria;c__4C0d-2;o__MLE1-12	0.000331431	0.00179336	0.003114543	0.000849008	0.000458555	0.001162279	0.001561812	0.000263329	0.00029057	8.17E-05	0.002061228	0.004867042	0.006156445	0.001425607	0.001997666	0.000812687	0.000245168	0.001843301
k__Bacteria;p__Cyanobacteria;c__4C0d-2;o__SM1D11	0.000140745	0.000208847	0.000154365	0.000104423	8.63E-05	0.000835388	0.000254248	0.000213387	3.18E-05	0	0.000108964	0.000104423	0.001180439	0.000553898	0.000227008	0.000186146	0.000190686	6.81E-05
k__Bacteria;p__Cyanobacteria;c__4C0d-2;o__SM2F09	0	0	0	0	0	0	0	2.27E-05	0	0	0	0	0	0	0	0	0	0
k__Bacteria;p__Cyanobacteria;c__4C0d-2;o__YS2	2.27E-05	3.63E-05	9.08E-06	0	3.63E-05	0	4.54E-06	0	9.08E-06	0	4.54E-06	0	2.72E-05	5.45E-05	0	4.54E-06	2.27E-05	9.08E-06
k__Bacteria;p__Cyanobacteria;c__Chloroplast;Other	0	0	0	0	0	1.82E-05	0	0	0	2.27E-05	2.27E-05	0	0	0	0	0	0	0
k__Bacteria;p__Cyanobacteria;c__Chloroplast;o__	0	0	0	0	0	0	0	1.82E-05	0	0	0	0	0	0	0	0	9.08E-06	0
k__Bacteria;p__Cyanobacteria;c__Chloroplast;o__CAB-I	0	0	0	0	4.54E-06	0	0	0	0	0	0	0	0	0	0	0	0	0
k__Bacteria;p__Cyanobacteria;c__Chloroplast;o__Chlorophyta	0.000708264	0.000944351	1.36E-05	3.18E-05	1.82E-05	0.021715541	0.000145285	0.000340511	0.000812687	0.005943057	0.006487876	0.001448308	4.54E-05	0.001016994	0.000549358	5.45E-05	0.000263329	6.81E-05
k__Bacteria;p__Cyanobacteria;c__Chloroplast;o__Euglenozoa	0	2.72E-05	0	0	0	0	0	0	0	0	0	0	0	0	0	0	0	4.54E-05
k__Bacteria;p__Cyanobacteria;c__Chloroplast;o__Stramenopiles	0.000149825	7.72E-05	5.90E-05	0	0.000108964	0.000562979	9.99E-05	0.000340511	0.008036067	9.08E-06	0.000281489	1.82E-05	9.99E-05	0.000145285	0.000667402	5.45E-05	0.000635621	3.63E-05
k__Bacteria;p__Cyanobacteria;c__Chloroplast;o__Streptophyta	0.00269685	0.012603459	0.002147491	0.001688936	0.001534571	0.034818417	0.00240628	0.002932937	0.000140745	0.031081873	0.040125853	0.002624207	0.002465302	0.000939811	0.001779739	0.010519529	0.008303936	0.000367752
k__Bacteria;p__Cyanobacteria;c__ML635J-21;o__	0.000145285	6.81E-05	0.000390453	0.00030419	0.000231548	4.54E-06	8.17E-05	0.000113504	8.63E-05	0	2.27E-05	1.36E-05	0.000154365	0.00029057	7.72E-05	4.54E-06	0.000149825	2.72E-05
k__Bacteria;p__Cyanobacteria;c__Nostocophycideae;o__Nostocales	4.54E-06	9.53E-05	1.82E-05	0	1.82E-05	0.012208466	9.08E-06	0.000231548	2.72E-05	0	0.000671942	0.042482191	0.007032694	3.18E-05	0.007786359	0	1.82E-05	2.27E-05
k__Bacteria;p__Cyanobacteria;c__Nostocophycideae;o__Stigonematales	0	0	0	0	0	1.82E-05	0	0	0	0	0	0.000108964	0	0	0	0	0	0
k__Bacteria;p__Cyanobacteria;c__Oscillatoriophycideae;o__Oscillatoriales	0	0	0	0	0	0	0	0	0	0	0	0	0	0	9.08E-06	0	0	0
k__Bacteria;p__Cyanobacteria;c__Synechococcophycideae;o__Pseudanabaenales	0	5.45E-05	0	0	9.08E-06	0.00120768	0	9.08E-06	2.27E-05	1.82E-05	8.17E-05	0.01023804	0.000744585	2.27E-05	0.001225841	0	0	0
k__Bacteria;p__Elusimicrobia;c__;o__	0	0	0	0	0	0	0	0	0	4.54E-06	0	0	0	0	0	0	0	0
k__Bacteria;p__Elusimicrobia;c__4-29;o__	0	1.82E-05	0	0	0	0	0	0	0	0	0	0	0	0	0	0	0	4.99E-05
k__Bacteria;p__Elusimicrobia;c__Elusimicrobia;o__Elusimicrobiales	0.002388119	0.001943185	0.001557272	0.003196266	0.003150865	0.000930731	0.002342718	0.001130498	0.003250748	0.000177066	0.001135038	0.000744585	0.000776366	0.000367752	0.000762745	0.000876249	0.000431314	0.000789986
k__Bacteria;p__Elusimicrobia;c__Elusimicrobia;o__FAC88	0.002029447	0.002360878	0.004571932	0.015386571	0.006782985	0.003504996	0.00692373	0.001993126	0.000227008	0.000167986	0.004376705	3.63E-05	0.000385913	0.000517577	0.000281489	0.002011287	0.00632897	0.00541186
k__Bacteria;p__Elusimicrobia;c__Elusimicrobia;o__IIb	0.001575432	0.000490336	0.001230381	0.001598133	0.001071476	5.90E-05	0.000476716	0.001589053	0.00029965	0.000172526	0.000399533	0.000136205	0.00060838	0.000199767	0.00029057	0.000794526	0.003032821	0.000581139
k__Bacteria;p__Elusimicrobia;c__Elusimicrobia;o__MVP-88	6.81E-05	2.27E-05	4.54E-05	9.08E-06	0	9.08E-06	7.26E-05	0.000190686	9.08E-06	0	0	4.54E-06	0.000122584	3.18E-05	0	9.08E-06	8.63E-05	9.99E-05
k__Bacteria;p__Elusimicrobia;c__Endomicrobia;o__	0.000463095	0.00029965	0.000195226	0.000503957	0.001293943	0.000131664	0.000349592	0.000204307	0.000104423	5.90E-05	0.000263329	9.53E-05	0.000195226	7.72E-05	0.000204307	0.000499417	9.08E-05	0.000431314
k__Bacteria;p__FBP;c__;o__	0.000108964	0.000140745	0.000122584	2.27E-05	5.45E-05	1.82E-05	1.82E-05	3.63E-05	3.63E-05	4.99E-05	4.54E-05	4.99E-05	9.53E-05	6.81E-05	6.81E-05	3.63E-05	0.000227008	0.000177066
k__Bacteria;p__FCPU426;c__;o__	0.00302374	0.002215594	0.005520823	0.004231421	0.004167858	0.008839674	0.016389944	0.002043068	0.001357505	3.18E-05	0.009316389	0.003041901	0.000177066	9.08E-05	0.002942018	0.003722924	0.000658322	0.000426774
k__Bacteria;p__Fibrobacteres;c__;o__	0	0	0	0	0	0	0	9.08E-06	0	0	0	0	0	0	0	0	0	0
k__Bacteria;p__Fibrobacteres;c__Fibrobacteria;o__258ds10	3.63E-05	4.99E-05	7.26E-05	2.27E-05	1.36E-05	5.45E-05	3.18E-05	0.000962512	3.18E-05	0	7.72E-05	4.54E-05	8.63E-05	1.36E-05	4.54E-05	0.000154365	0.00029511	4.54E-05
k__Bacteria;p__Fibrobacteres;c__Fibrobacteria;o__Ucp1540	0	0	0	0	0	0	0	0	0	0	0	0	1.36E-05	0	0	0	0	0
k__Bacteria;p__Fibrobacteres;c__SBZC_2415;o__	0	9.08E-06	0	0	0	0	0	2.27E-05	0	0	0	0	0	0	0	0	0	0
k__Bacteria;p__Fibrobacteres;c__TG3;o__TG3-1	6.36E-05	4.09E-05	9.08E-06	0	4.99E-05	1.82E-05	0	0	9.08E-06	2.27E-05	1.82E-05	0	2.72E-05	1.82E-05	4.09E-05	2.27E-05	1.82E-05	1.82E-05
k__Bacteria;p__Firmicutes;Other;Other	0	0	9.08E-06	0	0	0	0	0	0	0	0	0	0	0	0	0	0	0
k__Bacteria;p__Firmicutes;c__Bacilli;o__Bacillales	0.002279156	0.004263202	0.001761579	0.001407447	0.000721884	0.002878456	0.00720976	0.007196139	0.001648075	0.021819965	0.002497083	0.00118952	0.010483208	0.007886242	0.003536777	0.016816719	0.004903363	0.001416527
k__Bacteria;p__Firmicutes;c__Bacilli;o__Gemellales	9.08E-06	1.36E-05	3.63E-05	0	2.27E-05	9.08E-06	9.08E-06	0	0	0	0	1.82E-05	9.08E-06	0	0	0	0	0
k__Bacteria;p__Firmicutes;c__Bacilli;o__Lactobacillales	0.000136205	0.00030419	0.000181606	9.08E-06	0.000113504	0	1.36E-05	2.72E-05	3.63E-05	4.99E-05	0	5.45E-05	7.26E-05	3.18E-05	4.54E-05	0	0.000149825	9.08E-05
k__Bacteria;p__Firmicutes;c__Bacilli;o__Turicibacterales	1.82E-05	9.08E-06	9.08E-06	0.000390453	0	1.36E-05	0	1.36E-05	0	0	0	0	0	4.54E-06	4.54E-06	0	3.63E-05	1.36E-05
k__Bacteria;p__Firmicutes;c__Clostridia;Other	3.63E-05	2.72E-05	0	0	0	0	0	0	0	0	0	0	4.54E-06	0	0	0	0	1.82E-05
k__Bacteria;p__Firmicutes;c__Clostridia;o__	7.72E-05	8.17E-05	1.36E-05	4.54E-06	4.54E-06	0	4.54E-06	0.000181606	2.27E-05	1.82E-05	0	4.54E-06	9.08E-06	3.18E-05	4.54E-05	0	4.54E-06	4.54E-06
k__Bacteria;p__Firmicutes;c__Clostridia;o__Clostridiales	0.004186019	0.003840968	0.002201973	0.001552732	0.0024199	0.000631081	0.001934104	0.001598133	0.002796733	0.001834221	0.000390453	0.000712804	0.003459595	0.001130498	0.001707097	0.001253082	0.001466469	0.003277989
k__Bacteria;p__Firmicutes;c__Clostridia;o__Halanaerobiales	0	0	0	0	0	0	0	4.54E-06	0	0	0	0	0	0	0	0	0	0
k__Bacteria;p__Firmicutes;c__Clostridia;o__MBA08	1.36E-05	4.09E-05	1.82E-05	0	0	0	9.08E-06	9.08E-06	0	0	0	0	3.63E-05	0	0	0	0	9.08E-06
k__Bacteria;p__Firmicutes;c__Clostridia;o__Natranaerobiales	0	0	0	0	0	0	0	0	0	0	0	0	3.18E-05	0	0	0	2.72E-05	3.18E-05
k__Bacteria;p__Firmicutes;c__Clostridia;o__OPB54	0.000703723	0.000349592	0.000267869	0.000581139	0.000236088	3.18E-05	3.18E-05	4.54E-05	0.000122584	0.000158905	2.27E-05	5.90E-05	0.000263329	0.000104423	5.90E-05	9.08E-05	8.17E-05	0.000317811
k__Bacteria;p__Firmicutes;c__Clostridia;o__Thermoanaerobacterales	0	0	0	0	0	0	0	9.08E-06	4.54E-06	0	0	0	8.17E-05	1.82E-05	0	0	0	0
k__Bacteria;p__Fusobacteria;c__Fusobacteriia;o__Fusobacteriales	0	0	4.54E-06	0	0	4.54E-06	0	0	0	0	0	0	1.36E-05	0	0	0	0	0
k__Bacteria;p__GAL15;c__;o__	0.000426774	0.000108964	0.000213387	0.000876249	1.36E-05	0.000167986	0.000213387	0	0.001884163	0.000653782	1.82E-05	0.000880789	0.000844468	0.000490336	0.000195226	4.54E-06	9.08E-06	0.000131664
k__Bacteria;p__GN02;c__3BR-5F;o__	4.09E-05	2.72E-05	9.08E-06	0	9.08E-06	9.08E-06	4.54E-06	4.54E-06	9.08E-06	4.54E-06	4.54E-06	9.08E-06	3.18E-05	0	0	6.36E-05	1.36E-05	0
k__Bacteria;p__GN02;c__BB34;o__	0	0	0	0	0	0	0	1.36E-05	0	0	0	0	1.82E-05	0	0	0	4.54E-06	0
k__Bacteria;p__GN02;c__BD1-5;o__	0	0	0	0	0	0	0	0	0	0	0	0	0	1.82E-05	0	0	0	0
k__Bacteria;p__GN02;c__GKS2-174;o__	1.82E-05	0	0	6.81E-05	0	0	9.08E-06	0	0	4.54E-06	0	0	3.63E-05	0	9.08E-06	1.36E-05	0	1.36E-05
k__Bacteria;p__GN02;c__GN07;o__	0	0	0	0	0	0	0	0	0	0	0	0	0	0	0	0	3.63E-05	0
k__Bacteria;p__GN04;c__;o__	8.63E-05	0.000195226	4.99E-05	3.63E-05	6.36E-05	3.18E-05	1.36E-05	0.000726424	3.18E-05	9.08E-06	0	4.54E-06	0.000971592	5.45E-05	9.08E-06	4.99E-05	1.36E-05	0.000186146
k__Bacteria;p__GN04;c__GN15;o__	2.72E-05	0.000154365	4.09E-05	2.72E-05	7.72E-05	9.08E-06	2.27E-05	4.54E-06	0.000104423	4.99E-05	0	1.36E-05	0.000131664	2.72E-05	8.17E-05	4.09E-05	1.82E-05	0.000154365
k__Bacteria;p__GN04;c__MSB-5A5;o__	0	0	0	0	0	0	0	1.36E-05	0	9.08E-06	0	0	3.18E-05	0	0	0	0	4.54E-06
k__Bacteria;p__GOUTA4;c__;o__	5.45E-05	2.27E-05	1.36E-05	4.54E-06	2.72E-05	0	1.82E-05	1.82E-05	4.54E-06	1.82E-05	4.54E-06	0	4.54E-05	9.08E-06	0	0	4.54E-06	0
k__Bacteria;p__Gemmatimonadetes;c__;o__	0	0	0	0	0	0	0	4.54E-06	1.82E-05	9.08E-06	0	0	0	1.36E-05	0	1.36E-05	0	4.54E-06
k__Bacteria;p__Gemmatimonadetes;c__Gemm-1;o__	0.007345964	0.005053188	0.003100923	0.003718384	0.002288236	0.000349592	0.001575432	0.009661441	0.001902323	0.001057855	0.00060384	0.000717344	0.008984958	0.009479835	0.002637828	0.004254121	0.00962966	0.004649114
k__Bacteria;p__Gemmatimonadetes;c__Gemm-2;o__	0.000108964	2.27E-05	6.81E-05	4.54E-06	5.45E-05	0	4.54E-06	0.000349592	4.54E-06	7.72E-05	0	2.27E-05	0.000422234	2.27E-05	6.36E-05	4.09E-05	9.53E-05	7.72E-05
k__Bacteria;p__Gemmatimonadetes;c__Gemm-3;o__	1.82E-05	0	9.08E-06	0	0	0	4.54E-06	0	0	9.08E-06	0	0	0	0	4.54E-06	0	4.54E-06	0
k__Bacteria;p__Gemmatimonadetes;c__Gemm-5;o__	0.000199767	0.000172526	4.09E-05	1.82E-05	0	0	9.08E-06	0.000145285	9.08E-06	2.72E-05	1.36E-05	1.36E-05	0.000758205	1.82E-05	2.72E-05	4.54E-05	4.54E-05	0.000113504
k__Bacteria;p__Gemmatimonadetes;c__Gemmatimonadetes;Other	4.54E-05	9.08E-06	0.000217927	2.72E-05	0	1.82E-05	4.99E-05	3.18E-05	4.54E-06	1.36E-05	1.82E-05	0	1.82E-05	1.36E-05	1.36E-05	0	4.54E-06	4.54E-06
k__Bacteria;p__Gemmatimonadetes;c__Gemmatimonadetes;o__	0.001171359	0.001030614	0.001679856	0.000957972	0.001979506	0.001007913	0.002129331	0.000717344	0.000258789	0.000272409	0.001761579	0.000272409	0.003840968	0.000463095	0.000522117	0.001148658	0.00121222	0.001125957
k__Bacteria;p__Gemmatimonadetes;c__Gemmatimonadetes;o__C114	0	0	0	0	0	4.54E-06	0	4.54E-06	0	0	0	0	9.08E-06	0	0	0	9.08E-06	0
k__Bacteria;p__Gemmatimonadetes;c__Gemmatimonadetes;o__Ellin5290	0.000930731	0.000730964	0.001902323	0.001289403	0.00030873	0.001389286	0.001171359	0.00179336	0.000186146	0.000231548	0.00149371	0.000172526	0.00029965	0.000921651	0.001085096	0.001175899	0.002188353	0.000885329
k__Bacteria;p__Gemmatimonadetes;c__Gemmatimonadetes;o__Gemmatimonadales	0.000172526	0.000376833	0.000249708	3.18E-05	0.000195226	9.08E-06	4.09E-05	0.000544818	0.000108964	7.26E-05	2.72E-05	7.26E-05	5.45E-05	4.99E-05	5.45E-05	9.53E-05	0.0005993	0.000199767
k__Bacteria;p__Gemmatimonadetes;c__Gemmatimonadetes;o__KD8-87	0.000181606	0.000208847	0.000885329	0.000926191	0.000626541	0.001112337	0.001348425	0.000526657	3.18E-05	3.63E-05	3.63E-05	0	9.08E-05	2.72E-05	4.09E-05	4.54E-05	0.000494876	0.00089441
k__Bacteria;p__Gemmatimonadetes;c__Gemmatimonadetes;o__N1423WL	0.001175899	0.000985213	0.000558439	0.000149825	0.000481256	5.90E-05	0.000204307	0.003781946	0.000494876	0.000213387	0.000136205	0.000167986	0.000708264	0.000349592	0.000426774	0.000267869	0.004190559	0.000862629
k__Bacteria;p__LCP-89;c__;o__	0	0	0	0	0	0	4.54E-06	0	0	0	0	0	0	0	0	0	0	0
k__Bacteria;p__LD1;c__;o__	0	0	4.54E-06	0	0	0	0	0	0	4.54E-06	0	0	0	0	0	0	0	1.36E-05
k__Bacteria;p__Lentisphaerae;c__[Lentisphaeria];o__Lentisphaerales	0	0	0	0	0	0	4.54E-06	9.08E-06	0	0	0	0	0	0	0	0	0	0
k__Bacteria;p__MVS-104;c__;o__	0	0	0	0	0	0	0	0	0	0	0	0	0	0	9.08E-06	0	0	0
k__Bacteria;p__NC10;c__12-24;Other	0	9.08E-06	4.54E-06	0	4.54E-06	0	4.54E-06	0	0	0	0	9.08E-06	0	3.63E-05	0	9.08E-06	0	0
k__Bacteria;p__NC10;c__12-24;o__JH-WHS47	0.000118044	0.000136205	0.000140745	2.27E-05	0.000104423	2.27E-05	1.82E-05	2.72E-05	6.36E-05	1.36E-05	4.54E-06	1.82E-05	8.63E-05	4.54E-05	8.17E-05	2.72E-05	1.36E-05	0.000131664
k__Bacteria;p__NC10;c__wb1-A12;o__	1.82E-05	0	2.72E-05	0	0	0	9.08E-06	0	1.36E-05	0	0	0	4.54E-06	0	4.54E-06	0	4.54E-06	1.82E-05
k__Bacteria;p__NKB19;c__;o__	2.27E-05	2.27E-05	1.82E-05	0	1.82E-05	0	0	4.54E-05	4.54E-05	2.27E-05	4.54E-06	1.36E-05	8.63E-05	0	1.36E-05	2.27E-05	4.54E-06	2.27E-05
k__Bacteria;p__NKB19;c__TSBW08;o__	0	0	0	0	0	0	0	0	0	0	0	0	0	0	0	0	4.54E-06	9.08E-06
k__Bacteria;p__Nitrospirae;c__Nitrospira;o__Nitrospirales	0.015690761	0.015999492	0.008063308	0.001970425	0.011000785	0.001788819	0.005470882	0.032457538	0.009697762	0.003682062	0.001298483	0.003791026	0.036816083	0.016271901	0.00902128	0.011922436	0.016426266	0.01024258
k__Bacteria;p__OD1;c__;o__	6.36E-05	9.53E-05	0.000367752	0.000626541	0.000149825	0.000204307	0.000281489	0.000254248	9.08E-06	0	3.63E-05	4.54E-06	0.000118044	4.54E-05	4.99E-05	8.17E-05	0.000122584	0.000145285
k__Bacteria;p__OD1;c__ABY1;o__	5.90E-05	3.18E-05	0.000158905	3.18E-05	9.08E-05	9.08E-06	0.000199767	0.000372292	0	4.54E-06	0	1.36E-05	0.000240628	5.45E-05	2.27E-05	1.36E-05	8.17E-05	4.54E-05
k__Bacteria;p__OD1;c__Mb-NB09;o__	5.45E-05	4.99E-05	0	0.000122584	1.82E-05	0	0	0.00118952	1.36E-05	9.08E-06	4.54E-06	9.08E-06	0.000154365	0	5.90E-05	0.00030419	5.90E-05	0.000104423
k__Bacteria;p__OD1;c__ZB2;o__	0.000444935	0.000108964	0.000422234	0.001080556	0.000426774	0.000136205	0.001825141	0.000549358	4.54E-05	4.99E-05	0.000717344	7.26E-05	0.00029965	0.000272409	0.000254248	0.001675316	0.00030419	0.000240628
k__Bacteria;p__OP11;c__;o__	5.90E-05	9.08E-06	1.82E-05	4.54E-06	9.08E-06	4.54E-06	9.08E-06	2.27E-05	4.54E-06	0	0	4.54E-06	9.99E-05	1.36E-05	9.08E-06	4.09E-05	1.36E-05	0
k__Bacteria;p__OP11;c__OP11-3;o__	9.08E-06	0.000104423	0	4.54E-06	4.54E-06	9.08E-06	1.36E-05	1.36E-05	9.08E-06	2.72E-05	4.54E-06	9.08E-06	1.82E-05	1.36E-05	1.82E-05	9.08E-06	0	9.08E-06
k__Bacteria;p__OP11;c__OP11-4;o__	0	4.54E-06	0	0	0	0	0	0	0	0	0	0	0	0	0	0	0	0
k__Bacteria;p__OP11;c__WCHB1-64;o__	0	0	0	0	0	0	0	0	0	0	0	0	0	9.08E-06	0	0	0	0
k__Bacteria;p__OP11;c__WCHB1-64;o__K2-4-19	0	0	0	0	0	0	0	0	0	0	1.36E-05	0	1.82E-05	1.36E-05	0	0	0	0
k__Bacteria;p__OP11;c__WCHB1-64;o__d153	2.27E-05	2.72E-05	0	0	0	0	0	2.72E-05	3.18E-05	0	0	0	4.54E-06	0	4.54E-06	0	0	0
k__Bacteria;p__OP3;c__;o__	0	0	0	0	0	0	0	0	0	0	0	3.63E-05	0	0	0	0	0	0
k__Bacteria;p__OP3;c__BD4-9;o__	4.99E-05	9.08E-06	0	4.54E-06	4.09E-05	0	0	0	1.36E-05	4.54E-06	0	0	1.36E-05	0	9.08E-06	0	0	0
k__Bacteria;p__OP3;c__PBS-25;o__	0.000131664	0.000136205	5.90E-05	0.000826307	2.27E-05	2.72E-05	0.000236088	0.000136205	3.63E-05	3.18E-05	0	4.54E-06	0.000213387	0	4.99E-05	6.81E-05	8.63E-05	1.82E-05
k__Bacteria;p__OP3;c__koll11;o__	0.000236088	0.000467636	9.53E-05	0.000199767	0.000204307	0	0.000236088	0.000835388	0.000204307	5.45E-05	3.18E-05	2.27E-05	9.08E-05	4.54E-05	0.000140745	0.000122584	0.000258789	0.000158905
k__Bacteria;p__OP3;c__koll11;o__GIF10	2.27E-05	4.09E-05	7.26E-05	6.81E-05	0.000222467	0	0.000249708	5.90E-05	0	0	6.36E-05	9.08E-06	1.36E-05	9.08E-06	4.54E-06	0	9.08E-06	0.000145285
k__Bacteria;p__OctSpA1-106;c__;o__	0	0	0	0	0	0	0	0	0	0	0	0	0.000254248	0	1.36E-05	0	0	0
k__Bacteria;p__PAUC34f;c__;o__	4.54E-06	0	0	0	0	0	0	0	9.08E-06	0	0	0	0	0	0	9.08E-06	0	0
k__Bacteria;p__Planctomycetes;Other;Other	0	0	0	0	0	0	0	1.36E-05	0	0	0	0	9.08E-06	0	0	0	0	0
k__Bacteria;p__Planctomycetes;c__;o__	0.000281489	0.000240628	9.99E-05	1.82E-05	6.36E-05	4.99E-05	1.82E-05	0.001148658	8.63E-05	4.54E-05	1.82E-05	3.63E-05	0.000177066	0.000113504	4.54E-05	3.63E-05	0.000231548	0.000104423
k__Bacteria;p__Planctomycetes;c__028H05-P-BN-P5;o__	3.18E-05	9.08E-06	0	0	3.18E-05	9.08E-06	1.36E-05	0.000122584	0	0	0	1.82E-05	2.27E-05	9.08E-06	0	4.54E-06	0.000190686	2.27E-05
k__Bacteria;p__Planctomycetes;c__BD7-11;o__	0.001098716	0.000413154	0.000640161	0.000935271	0.000186146	0.000649242	0.002388119	0.000885329	6.81E-05	1.36E-05	0.000876249	0.000517577	0.000948892	0.000258789	0.000281489	0.000871709	0.000444935	0.000222467
k__Bacteria;p__Planctomycetes;c__C6;o__MVS-107	0.000136205	5.90E-05	2.72E-05	4.54E-06	0.000113504	1.36E-05	4.54E-06	0.000535738	2.27E-05	5.90E-05	4.54E-06	4.54E-06	8.17E-05	4.09E-05	1.82E-05	5.45E-05	0.000213387	8.63E-05
k__Bacteria;p__Planctomycetes;c__C6;o__d113	9.08E-05	7.26E-05	1.36E-05	0	5.45E-05	1.36E-05	1.82E-05	0.000131664	0	9.08E-06	1.82E-05	1.82E-05	3.63E-05	4.99E-05	4.09E-05	3.18E-05	0.000118044	0.000104423
k__Bacteria;p__Planctomycetes;c__ODP123;o__T8-B82	0.000227008	0.000363212	0.000240628	4.54E-05	0.000167986	9.08E-06	6.36E-05	8.17E-05	0.000127124	9.08E-05	1.82E-05	4.54E-05	0.000249708	9.99E-05	0.000108964	0.000118044	4.54E-05	0.000217927
k__Bacteria;p__Planctomycetes;c__OM190;o__	0	0	4.54E-06	4.54E-06	0	0	0	0.000426774	0	1.82E-05	0	4.54E-06	2.27E-05	0	0	0	0.000104423	1.82E-05
k__Bacteria;p__Planctomycetes;c__OM190;o__CL500-15	0.000440395	0.000340511	0.000317811	3.63E-05	0.00031327	1.36E-05	4.54E-05	0.001725257	0.000122584	8.63E-05	5.45E-05	1.82E-05	0.000322351	0.000136205	0.000136205	9.08E-05	0.000549358	0.000227008
k__Bacteria;p__Planctomycetes;c__OM190;o__agg27	0.000544818	0.000431314	0.000249708	3.63E-05	0.000281489	4.99E-05	6.36E-05	0.002987419	0.000199767	4.99E-05	3.63E-05	7.72E-05	0.000399533	0.000217927	0.000190686	0.000149825	0.001875082	0.000363212
k__Bacteria;p__Planctomycetes;c__Phycisphaerae;Other	0	9.08E-06	0	0	0	0	0	0	0	0	0	0	0	0	0	0	0	9.08E-06
k__Bacteria;p__Planctomycetes;c__Phycisphaerae;o__AKAU3564	0.000653782	0.000635621	0.000372292	7.72E-05	0.000435854	8.63E-05	0.000104423	0.000118044	0.000426774	0.000163445	6.36E-05	9.53E-05	0.000767285	0.000254248	0.000181606	0.00028603	5.45E-05	0.00029965
k__Bacteria;p__Planctomycetes;c__Phycisphaerae;o__C86	2.27E-05	0	0	0	0	0	0	0	0	0	0	0	0	0	0	0	0	0
k__Bacteria;p__Planctomycetes;c__Phycisphaerae;o__CCM11a	2.27E-05	0.000113504	5.90E-05	0	3.63E-05	4.54E-06	3.63E-05	0.000849008	4.54E-05	5.45E-05	9.08E-06	3.63E-05	0.000199767	1.82E-05	2.72E-05	2.27E-05	9.53E-05	4.54E-05
k__Bacteria;p__Planctomycetes;c__Phycisphaerae;o__CPla-3	0.000167986	0.000145285	0.000199767	0.000345051	0.000127124	6.36E-05	0.000118044	0.000199767	5.90E-05	2.72E-05	0.000263329	4.54E-05	5.45E-05	0.000240628	9.08E-05	0.000131664	0.000227008	0.000490336
k__Bacteria;p__Planctomycetes;c__Phycisphaerae;o__MBMPE71	0	0	0	9.08E-06	0	0	0	0	4.54E-06	0	0	1.36E-05	0	0	0	0	0	0
k__Bacteria;p__Planctomycetes;c__Phycisphaerae;o__MSBL9	0.000817227	0.000708264	0.000267869	9.53E-05	0.000463095	7.26E-05	0.000104423	0.000167986	0.00029057	0.000195226	8.63E-05	0.000204307	0.000658322	0.00029057	0.000167986	0.000267869	9.53E-05	0.000576599
k__Bacteria;p__Planctomycetes;c__Phycisphaerae;o__Phycisphaerales	0.000835388	0.000876249	0.000635621	0.000167986	0.000449475	8.63E-05	0.000376833	0.002533404	0.000245168	8.17E-05	0.000113504	7.26E-05	0.002932937	0.000240628	0.000236088	0.000127124	0.001707097	0.000744585
k__Bacteria;p__Planctomycetes;c__Phycisphaerae;o__Pla1	0.000249708	0.000254248	0.000167986	2.72E-05	0.000190686	4.54E-06	4.99E-05	0.000535738	4.54E-05	8.63E-05	4.09E-05	1.82E-05	0.000131664	5.45E-05	9.08E-05	9.99E-05	0.000381373	0.000149825
k__Bacteria;p__Planctomycetes;c__Phycisphaerae;o__S-70	3.18E-05	4.99E-05	1.36E-05	0	3.63E-05	0	4.54E-06	0.000744585	3.18E-05	0	0	1.82E-05	0	9.08E-06	2.27E-05	2.27E-05	0.00028603	3.18E-05
k__Bacteria;p__Planctomycetes;c__Phycisphaerae;o__SHA-43	0	9.08E-06	0	0	0	0	0	0	0	2.27E-05	0	0	0	0	1.36E-05	0	0	0
k__Bacteria;p__Planctomycetes;c__Phycisphaerae;o__SHUX583	0	0	1.82E-05	0	0	0	0	0	9.08E-06	0	0	0	0	0	0	0	0	5.45E-05
k__Bacteria;p__Planctomycetes;c__Phycisphaerae;o__WD2101	0.00513037	0.005243874	0.008467381	0.00330069	0.006964591	0.00271047	0.004658195	0.006651321	0.001321184	0.001330264	0.006260868	0.00061292	0.004567392	0.00272409	0.001861462	0.003949931	0.012222086	0.008412899
k__Bacteria;p__Planctomycetes;c__Phycisphaerae;o__mle1-8	0.000249708	7.72E-05	7.26E-05	2.72E-05	5.45E-05	9.08E-06	1.36E-05	0.000127124	5.45E-05	4.54E-05	9.08E-06	1.82E-05	0.000558439	5.45E-05	7.26E-05	2.72E-05	0.000381373	0.000163445
k__Bacteria;p__Planctomycetes;c__Pla3;o__	0.000149825	0.000104423	5.90E-05	2.72E-05	0.000108964	1.82E-05	4.09E-05	0.00121222	5.45E-05	3.18E-05	9.08E-06	2.72E-05	0.000140745	4.54E-05	5.90E-05	5.45E-05	0.000122584	0.00031327
k__Bacteria;p__Planctomycetes;c__Pla4;o__	0.000631081	0.000322351	0.001711637	0.000830848	0.000440395	0.000181606	0.000862629	0.001961345	5.90E-05	7.26E-05	0.000454015	0.000181606	0.001071476	5.90E-05	0.000154365	0.000263329	0.000322351	0.000385913
k__Bacteria;p__Planctomycetes;c__Planctomycetia;o__	0	0	0	0	0	0	0	0	0	0	0	0	9.08E-06	0	0	0	0	0
k__Bacteria;p__Planctomycetes;c__Planctomycetia;o__B97	0	0	0	0	0	0	0	9.08E-06	0	0	0	0	4.54E-05	0	0	0	0	0
k__Bacteria;p__Planctomycetes;c__Planctomycetia;o__Gemmatales	0.010415106	0.013770277	0.020435219	0.014056307	0.009729543	0.026832291	0.009175645	0.0174705	0.008458301	0.003414193	0.011781691	0.004022574	0.008630827	0.01022896	0.006220007	0.0126534	0.025220538	0.016585171
k__Bacteria;p__Planctomycetes;c__Planctomycetia;o__Pirellulales	0.001112337	0.001076016	0.001520951	0.001035154	0.00181606	0.00181152	0.000749125	0.007554811	0.000408614	0.000181606	0.001175899	0.000163445	0.000953432	0.000463095	0.000762745	0.00211571	0.007736417	0.001566352
k__Bacteria;p__Planctomycetes;c__Planctomycetia;o__Planctomycetales	0.001566352	0.001543651	0.002079389	0.003704763	0.004258661	0.003205346	0.005802313	0.003196266	2.27E-05	6.36E-05	0.001570892	6.36E-05	0.000694643	9.08E-05	0.000335971	0.000335971	0.003405113	0.002315477
k__Bacteria;p__Planctomycetes;c__[Brocadiae];o__Brocadiales	0	1.36E-05	0	0	0	0	4.54E-06	4.54E-06	4.54E-06	0	0	4.54E-06	0	1.82E-05	0	0	0	0
k__Bacteria;p__Planctomycetes;c__vadinHA49;o__DH61	0.000222467	0.00030873	0.000190686	9.08E-05	0.000136205	0.000181606	0.000222467	8.17E-05	4.54E-05	9.08E-06	0.000231548	6.36E-05	0.000177066	7.26E-05	0.000113504	5.45E-05	0.000136205	0.000227008
k__Bacteria;p__Planctomycetes;c__vadinHA49;o__PHOS-HE93	1.82E-05	0	6.36E-05	0	9.08E-06	0	0	0	9.08E-06	0	0	4.54E-06	3.63E-05	1.36E-05	1.82E-05	7.72E-05	0	4.54E-06
k__Bacteria;p__Planctomycetes;c__vadinHA49;o__PeHg47	1.82E-05	0	0	0	0	0	0	0	0	0	0	0	0	0	0	0	0	0
k__Bacteria;p__Planctomycetes;c__vadinHA49;o__p04_C01	6.36E-05	2.27E-05	0.000712804	0.000358672	0.000154365	0.000104423	0.000481256	0.000390453	9.08E-06	0	0.000390453	4.09E-05	2.72E-05	2.27E-05	4.54E-05	0.000158905	0.000208847	7.26E-05
k__Bacteria;p__Proteobacteria;Other;Other	4.99E-05	8.17E-05	5.90E-05	2.72E-05	9.99E-05	1.82E-05	1.36E-05	3.63E-05	4.99E-05	9.08E-06	1.36E-05	0	0.000122584	5.90E-05	3.18E-05	5.90E-05	4.99E-05	7.26E-05
k__Bacteria;p__Proteobacteria;c__;o__	0.000131664	0.002683229	3.18E-05	0	0.000957972	0	0	0.00392269	1.36E-05	0	4.54E-06	0	0.002973799	9.08E-06	3.63E-05	0.01685758	0.00091711	0
k__Bacteria;p__Proteobacteria;c__Alphaproteobacteria;Other	0.000780906	0.000567519	0.000562979	0.000808147	0.000349592	0.000830848	0.003200806	0.001234921	2.27E-05	3.18E-05	0.000454015	0.000535738	8.17E-05	6.36E-05	8.17E-05	0.00030419	0.000467636	0.000199767
k__Bacteria;p__Proteobacteria;c__Alphaproteobacteria;o__	0.002138411	0.002029447	0.007277862	0.006052021	0.007436767	0.005538984	0.014006365	0.001861462	0.000513037	0.000122584	0.011985998	0.001452848	0.000522117	0.000953432	0.001125957	0.002583346	0.001130498	0.003423274
k__Bacteria;p__Proteobacteria;c__Alphaproteobacteria;o__BD7-3	0.000149825	0.000213387	0.000227008	0.00031327	0.000208847	0.000154365	0.000508497	0.000499417	5.90E-05	2.72E-05	0.000245168	7.26E-05	0.000522117	0.000177066	0.000163445	0.000190686	0.000136205	0.000281489
k__Bacteria;p__Proteobacteria;c__Alphaproteobacteria;o__Caulobacterales	0.005366458	0.004735377	0.002973799	0.003268909	0.002578806	0.004299523	0.005616167	0.000562979	0.00030419	0.001738878	0.005484502	0.000562979	0.000685563	0.00090803	0.000717344	0.001312104	0.001548191	0.004140618
k__Bacteria;p__Proteobacteria;c__Alphaproteobacteria;o__Ellin329	0.004154238	0.005538984	0.014628366	0.012149444	0.009915689	0.015563637	0.019173057	0.006519657	0.000535738	0.000490336	0.015132323	0.001679856	0.001135038	0.001884163	0.001993126	0.00330523	0.010601252	0.009675061
k__Bacteria;p__Proteobacteria;c__Alphaproteobacteria;o__Kordiimonadales	0	0	0	0	0	0	0	0	4.54E-06	0	0	0	0	0	0	0	0	0
k__Bacteria;p__Proteobacteria;c__Alphaproteobacteria;o__RF32	4.54E-06	0	0	0	0	0	0	0	0	0	0	0	0	0	0	0	0	9.08E-06
k__Bacteria;p__Proteobacteria;c__Alphaproteobacteria;o__Rhizobiales	0.022995864	0.026232991	0.036325747	0.043780674	0.041501519	0.073255334	0.029234031	0.04997344	0.017783771	0.005743291	0.055022088	0.046441203	0.023154769	0.035985235	0.097340834	0.03282529	0.057387506	0.033356488
k__Bacteria;p__Proteobacteria;c__Alphaproteobacteria;o__Rhodobacterales	0.001003373	0.000821767	0.000631081	0.000127124	0.000326891	0.001016994	0.000136205	0.002905697	0.000413154	0.000245168	0.000104423	0.000172526	0.001934104	0.000217927	0.000217927	0.000281489	0.001053315	0.000703723
k__Bacteria;p__Proteobacteria;c__Alphaproteobacteria;o__Rhodospirillales	0.037465325	0.033951248	0.025506567	0.033451831	0.024657559	0.038904552	0.027572336	0.023967456	0.010741997	0.013874701	0.038418756	0.019227539	0.007495789	0.012403692	0.013965504	0.013779358	0.014383198	0.031249858
k__Bacteria;p__Proteobacteria;c__Alphaproteobacteria;o__Rickettsiales	0.000517577	0.00090349	0.002161112	0.001080556	0.001961345	0.004612793	0.001902323	0.001262162	0.002383579	0.00420872	0.003781946	0.000649242	0.003582179	0.000426774	0.000408614	0.000227008	0.000849008	0.000685563
k__Bacteria;p__Proteobacteria;c__Alphaproteobacteria;o__Sphingomonadales	0.008558184	0.00480802	0.003096383	0.002351798	0.004372165	0.001702557	0.001974966	0.004258661	0.005920357	0.001929564	0.003963552	0.000985213	0.005393699	0.003999873	0.002742251	0.001775199	0.005293816	0.004753538
k__Bacteria;p__Proteobacteria;c__Betaproteobacteria;Other	0.000531198	0.000490336	0.000281489	0.000358672	0.000340511	0.000158905	0.000217927	0.000658322	0.007695556	0.000158905	7.26E-05	0.000113504	0.000871709	0.000767285	0.000122584	0.000444935	0.000576599	0.000485796
k__Bacteria;p__Proteobacteria;c__Betaproteobacteria;o__	0.003055522	0.002501623	0.002152031	0.000826307	0.002124791	0.000871709	0.00118952	0.01263524	0.00090803	0.000694643	0.000354132	0.000326891	0.009888448	0.000726424	0.001071476	0.004671815	0.009493455	0.002070309
k__Bacteria;p__Proteobacteria;c__Betaproteobacteria;o__A21b	0.000131664	0.000190686	0.000776366	0.00030419	8.17E-05	2.72E-05	0.000118044	0.002274616	6.81E-05	2.27E-05	0.000108964	4.09E-05	0.000208847	0.000140745	5.45E-05	0.000272409	0.002433521	0.000195226
k__Bacteria;p__Proteobacteria;c__Betaproteobacteria;o__Burkholderiales	0.013888321	0.012694262	0.009284608	0.021152563	0.010256201	0.007541191	0.01144572	0.010514989	0.012535356	0.003795566	0.009484375	0.001616294	0.008004286	0.002206513	0.004031654	0.003822807	0.017493201	0.019604371
k__Bacteria;p__Proteobacteria;c__Betaproteobacteria;o__Ellin6067	0.00272409	0.000989753	0.002215594	0.000381373	0.00060838	0.000177066	0.000740045	0.00570697	0.000458555	0.000249708	0.000858089	0.000222467	0.000921651	0.000503957	0.000381373	0.000331431	0.004344924	0.000871709
k__Bacteria;p__Proteobacteria;c__Betaproteobacteria;o__Gallionellales	0.000567519	0.000440395	0.000136205	7.26E-05	0.000213387	3.18E-05	5.45E-05	8.17E-05	0.000140745	9.08E-05	5.45E-05	6.36E-05	0.000381373	0.000186146	0.000167986	8.17E-05	4.99E-05	0.000167986
k__Bacteria;p__Proteobacteria;c__Betaproteobacteria;o__Hydrogenophilales	0	0	0	0	0	4.54E-06	0	0	0	0	2.27E-05	0	0	0	0	0	0	0
k__Bacteria;p__Proteobacteria;c__Betaproteobacteria;o__IS-44	0.009057601	0.00028603	0.000177066	0.000812687	0.000136205	9.08E-06	0.002224674	0.023327295	1.82E-05	9.08E-06	0.004149698	1.82E-05	6.81E-05	0	0.00028603	1.82E-05	0.005602546	3.63E-05
k__Bacteria;p__Proteobacteria;c__Betaproteobacteria;o__MND1	0.003150865	0.001779739	0.00330523	0.000726424	0.000849008	0.000839928	0.000653782	0.023009484	0.000544818	0.00031327	0.000472176	0.000195226	0.007627453	0.000449475	0.000681023	0.001747958	0.007187059	0.001085096
k__Bacteria;p__Proteobacteria;c__Betaproteobacteria;o__MWH-UniP1	0	0	0	0	0	0	0	0	0	0	0	0	0	0	0	0	0	4.54E-06
k__Bacteria;p__Proteobacteria;c__Betaproteobacteria;o__Methylophilales	0.001303023	0.001103257	0.000449475	0.000358672	0.00059022	0.000240628	0.000735504	0.00090349	0.000385913	0.000181606	0.000149825	0.000104423	0.001080556	0.000345051	0.000454015	0.000267869	0.000399533	0.000948892
k__Bacteria;p__Proteobacteria;c__Betaproteobacteria;o__Neisseriales	9.99E-05	0.000181606	0.000172526	0.000190686	7.26E-05	7.26E-05	0.00029965	2.72E-05	0.000131664	6.81E-05	0.000104423	7.26E-05	6.36E-05	4.09E-05	9.53E-05	4.54E-06	2.27E-05	8.63E-05
k__Bacteria;p__Proteobacteria;c__Betaproteobacteria;o__Nitrosomonadales	8.63E-05	0.000127124	9.08E-05	0	9.08E-05	0.000835388	0	8.63E-05	1.82E-05	8.17E-05	1.36E-05	1.82E-05	9.99E-05	5.90E-05	5.90E-05	4.54E-06	0.000231548	0.000113504
k__Bacteria;p__Proteobacteria;c__Betaproteobacteria;o__Procabacteriales	2.72E-05	4.54E-06	0.00029511	0.000358672	0.000930731	0.000140745	0.00031327	2.72E-05	0	5.90E-05	1.82E-05	0	0	0	9.08E-06	9.08E-06	4.54E-06	0.000122584
k__Bacteria;p__Proteobacteria;c__Betaproteobacteria;o__Rhodocyclales	0.007037234	0.005493582	0.002873915	0.000667402	0.002592426	0.000472176	0.000817227	0.002129331	0.001766119	0.001125957	0.000531198	0.000849008	0.005193933	0.001693476	0.001634454	0.002129331	0.001371126	0.004376705
k__Bacteria;p__Proteobacteria;c__Betaproteobacteria;o__SBla14	0.002465302	0.002002207	0.001130498	0.000267869	0.000953432	0.000140745	0.000454015	0.000385913	0.001534571	0.000390453	0.000227008	0.00029057	0.001434688	0.000581139	0.000640161	0.000572059	0.00030873	0.00151187
k__Bacteria;p__Proteobacteria;c__Betaproteobacteria;o__SC-I-84	0.001661695	0.000721884	0.001539111	0.001489169	0.000531198	0.000326891	0.000390453	0.005171232	0.000322351	0.000149825	0.000167986	0.000154365	0.0005993	0.000181606	0.000404073	0.00149825	0.004276822	0.000803607
k__Bacteria;p__Proteobacteria;c__Betaproteobacteria;o__Thiobacterales	0	0	9.08E-06	0	9.08E-06	1.36E-05	0	9.08E-06	0	9.08E-06	0	0	3.63E-05	9.99E-05	0	0	4.54E-06	0
k__Bacteria;p__Proteobacteria;c__Betaproteobacteria;o__Tremblayales	0	0	0	0	0	0	0	1.82E-05	0	0	0	0	0	0	0	0	0	0
k__Bacteria;p__Proteobacteria;c__Deltaproteobacteria;Other	0.000476716	0.000485796	0.000317811	8.63E-05	0.000426774	9.99E-05	0.000104423	0.000281489	0.000276949	0.000186146	0.000167986	0.000426774	0.001675316	0.000472176	0.00029511	0.000281489	0.000149825	0.00089895
k__Bacteria;p__Proteobacteria;c__Deltaproteobacteria;o__	0.00330523	0.003255288	0.002515244	0.001121417	0.002006747	0.001956805	0.001729797	0.004703596	0.001788819	0.001325724	0.002170192	0.001289403	0.006978212	0.002074849	0.003078222	0.002043068	0.002238294	0.00181152
k__Bacteria;p__Proteobacteria;c__Deltaproteobacteria;o__AF420338	0	0	0	0	4.54E-06	2.27E-05	0	0	0	0	4.54E-06	0	0	4.54E-05	0	0	0	0
k__Bacteria;p__Proteobacteria;c__Deltaproteobacteria;o__BPC076	2.72E-05	0	4.54E-06	0	0	0	0	0	0	0	0	0	0	0	0	0	0	0
k__Bacteria;p__Proteobacteria;c__Deltaproteobacteria;o__Bdellovibrionales	0.001248541	0.001847841	0.002329097	0.001620834	0.001575432	0.001956805	0.002837594	0.001234921	0.000349592	0.000222467	0.004167858	0.000431314	0.000821767	0.001121417	0.000658322	0.000835388	0.001829681	0.001530031
k__Bacteria;p__Proteobacteria;c__Deltaproteobacteria;o__DTB120	0	0	0	0	0	0	9.08E-06	0	0	0	0	0	0	0	0	0	0	4.54E-06
k__Bacteria;p__Proteobacteria;c__Deltaproteobacteria;o__Desulfarculales	0.000186146	0.000195226	3.18E-05	2.72E-05	9.99E-05	1.82E-05	2.27E-05	3.18E-05	7.72E-05	5.90E-05	4.54E-06	1.82E-05	0.000199767	4.99E-05	5.90E-05	3.63E-05	1.36E-05	0.000167986
k__Bacteria;p__Proteobacteria;c__Deltaproteobacteria;o__Desulfobacterales	0.001021534	0.000876249	0.000463095	5.45E-05	0.000317811	7.72E-05	7.26E-05	0.000726424	0.00029057	0.000245168	5.45E-05	9.99E-05	0.000735504	0.000276949	0.00029965	0.000227008	0.000118044	0.000631081
k__Bacteria;p__Proteobacteria;c__Deltaproteobacteria;o__Desulfovibrionales	0.000208847	9.99E-05	6.81E-05	4.54E-06	6.81E-05	0	2.72E-05	6.36E-05	4.54E-05	5.90E-05	1.82E-05	4.99E-05	5.90E-05	4.99E-05	1.82E-05	3.18E-05	1.36E-05	0.000149825
k__Bacteria;p__Proteobacteria;c__Deltaproteobacteria;o__Desulfuromonadales	0.102448503	0.097994615	0.051262843	0.009252827	0.055721271	0.008962258	0.014315096	0.090276359	0.042550294	0.024911808	0.010324303	0.016172017	0.072887581	0.034600489	0.032380356	0.026895853	0.014015446	0.068710643
k__Bacteria;p__Proteobacteria;c__Deltaproteobacteria;o__FAC87	0.000140745	0.000281489	0.00029057	0.000118044	0.000149825	0.000136205	0.000340511	0.000367752	8.17E-05	3.63E-05	0.000249708	0.000476716	6.36E-05	0.000326891	0.000240628	7.26E-05	0.000762745	0.000113504
k__Bacteria;p__Proteobacteria;c__Deltaproteobacteria;o__GMD14H09	5.45E-05	1.82E-05	0	0	0	0	0	0	0	0	0	0	0	0	0	4.54E-06	0	1.36E-05
k__Bacteria;p__Proteobacteria;c__Deltaproteobacteria;o__IndB3-24	0	0	2.27E-05	0	0	0	0	0	0	0	0	0	0	0	0	0	0	0
k__Bacteria;p__Proteobacteria;c__Deltaproteobacteria;o__MBNT15	7.72E-05	0.000158905	4.99E-05	2.27E-05	3.18E-05	0	9.08E-06	6.36E-05	1.36E-05	1.36E-05	0	6.36E-05	0.000830848	9.99E-05	4.09E-05	4.54E-05	3.18E-05	0.000154365
k__Bacteria;p__Proteobacteria;c__Deltaproteobacteria;o__MIZ46	0.001230381	0.001548191	0.003282529	0.00179336	0.0018206	0.002842134	0.004140618	0.001956805	0.001343885	0.000131664	0.00331431	0.000712804	0.000458555	0.003191726	0.002547025	0.002637828	0.001897783	0.00088987
k__Bacteria;p__Proteobacteria;c__Deltaproteobacteria;o__Myxococcales	0.024244405	0.021765483	0.016194718	0.013624993	0.016308222	0.019331962	0.015223126	0.031513187	0.011577385	0.003477756	0.014950717	0.006047481	0.016385404	0.007704636	0.008285775	0.010292522	0.025751735	0.015304848
k__Bacteria;p__Proteobacteria;c__Deltaproteobacteria;o__NB1-j	0.000690103	0.000540278	0.000263329	4.54E-05	0.000340511	4.09E-05	9.53E-05	0.002674149	0.000227008	8.63E-05	7.72E-05	7.26E-05	0.000372292	0.000190686	0.000167986	0.000199767	0.000417694	0.000531198
k__Bacteria;p__Proteobacteria;c__Deltaproteobacteria;o__NKB15	0	0	0	0	0	0	0	0	0	0	1.36E-05	0	0	0	0	0	0	0
k__Bacteria;p__Proteobacteria;c__Deltaproteobacteria;o__Spirobacillales	0.000440395	0.000717344	0.000463095	0.00029057	0.000354132	0.000367752	0.000540278	0.000390453	9.08E-06	3.18E-05	0.000440395	0.000208847	0.000108964	7.72E-05	6.36E-05	6.36E-05	0.000449475	0.000276949
k__Bacteria;p__Proteobacteria;c__Deltaproteobacteria;o__Sva0853	9.08E-06	1.36E-05	0.000394993	1.36E-05	0.001734338	0	2.27E-05	0.000558439	9.08E-06	0	4.54E-06	0	0.000158905	1.36E-05	1.36E-05	0	0	4.54E-06
k__Bacteria;p__Proteobacteria;c__Deltaproteobacteria;o__Syntrophobacterales	0.014047227	0.012626159	0.015736163	0.012862247	0.016389944	0.007700096	0.011273194	0.037342741	0.021338709	0.034650431	0.002755872	0.019722415	0.169397567	0.012771444	0.019963043	0.047399175	0.017792851	0.033320167
k__Bacteria;p__Proteobacteria;c__Deltaproteobacteria;o__Thermodesulfobacteriales	0	0	0	0	0	0	0	0	0	0	0	0	9.08E-06	0	0	0	0	0
k__Bacteria;p__Proteobacteria;c__Deltaproteobacteria;o__[Entotheonellales]	0.000708264	0.000494876	0.000249708	5.45E-05	0.000199767	4.09E-05	6.36E-05	0.003173565	0.000217927	7.72E-05	5.45E-05	9.08E-05	0.000245168	0.000254248	0.000113504	6.36E-05	0.002587886	0.000399533
k__Bacteria;p__Proteobacteria;c__Epsilonproteobacteria;o__Campylobacterales	1.36E-05	7.72E-05	1.36E-05	0	3.18E-05	9.08E-06	0	9.08E-06	4.54E-06	4.54E-06	0	0	9.08E-06	0	0	4.54E-06	9.08E-06	0
k__Bacteria;p__Proteobacteria;c__Gammaproteobacteria;Other	0.000354132	9.53E-05	0.000249708	0.00030873	0.001139578	0.000771826	0.00029057	0.000104423	4.09E-05	9.08E-06	0.00030873	3.18E-05	0.001906863	3.63E-05	0.000140745	3.18E-05	9.08E-05	0.000118044
k__Bacteria;p__Proteobacteria;c__Gammaproteobacteria;o__	0.001135038	0.000494876	0.001221301	0.001648075	0.003545858	0.001747958	0.006864708	0.000880789	0.000367752	0.000113504	0.000131664	6.36E-05	0.0005993	0.000190686	0.000177066	0.000158905	0.000272409	0.000485796
k__Bacteria;p__Proteobacteria;c__Gammaproteobacteria;o__34P16	0	3.63E-05	0	0	1.82E-05	0	0	0	0	0	0	0	2.72E-05	0	0	0	0	0
k__Bacteria;p__Proteobacteria;c__Gammaproteobacteria;o__Acidithiobacillales	0	1.82E-05	0	0	1.36E-05	0	0	2.27E-05	0	1.36E-05	4.54E-06	0	0	0	9.08E-06	0	0	4.54E-06
k__Bacteria;p__Proteobacteria;c__Gammaproteobacteria;o__Aeromonadales	6.36E-05	4.54E-06	6.81E-05	0	3.63E-05	0	9.08E-06	0	1.36E-05	2.72E-05	0	9.08E-06	5.45E-05	0	1.82E-05	0	0	2.27E-05
k__Bacteria;p__Proteobacteria;c__Gammaproteobacteria;o__Alteromonadales	0.000399533	0.000440395	0.000263329	4.54E-05	0.000163445	3.18E-05	4.99E-05	0.000345051	0.000254248	9.99E-05	4.54E-05	8.63E-05	0.00029511	0.000145285	0.000222467	0.000127124	5.45E-05	0.000263329
k__Bacteria;p__Proteobacteria;c__Gammaproteobacteria;o__Chromatiales	0.001016994	0.000962512	0.00028603	0.000553898	0.001012454	0.000735504	0.001480089	0.00031327	0.000490336	5.90E-05	0.00061292	0.000108964	0.005289276	0.000113504	0.000444935	0.000104423	9.99E-05	0.00029511
k__Bacteria;p__Proteobacteria;c__Gammaproteobacteria;o__Enterobacteriales	0.00030873	0.000276949	9.53E-05	5.90E-05	6.36E-05	7.72E-05	6.36E-05	5.45E-05	0.000254248	0.000258789	0.000345051	2.72E-05	0.000227008	1.82E-05	0.000726424	2.27E-05	0.000267869	0.000217927
k__Bacteria;p__Proteobacteria;c__Gammaproteobacteria;o__HOC36	0	0	0	0	0	0	0	0	0	0	0	0	1.82E-05	0	0	0	0	0
k__Bacteria;p__Proteobacteria;c__Gammaproteobacteria;o__HTCC2188	0.000485796	0.000535738	0.00029965	4.99E-05	0.00029511	2.27E-05	6.36E-05	0.001362045	0.000199767	7.72E-05	4.54E-05	6.81E-05	0.000245168	0.000108964	0.000181606	7.72E-05	0.001094176	0.000345051
k__Bacteria;p__Proteobacteria;c__Gammaproteobacteria;o__Legionellales	0.005021407	0.00271955	0.011554684	0.006079262	0.007899862	0.007250621	0.011250494	0.007881702	0.003069142	0.000467636	0.005243874	0.004031654	0.000499417	0.00119406	0.002351798	0.001956805	0.003786486	0.004326764
k__Bacteria;p__Proteobacteria;c__Gammaproteobacteria;o__Methylococcales	0.001407447	0.001434688	0.000776366	9.99E-05	0.000712804	0.000149825	0.000131664	0.000172526	0.000658322	0.000213387	7.26E-05	0.000186146	0.008372038	0.000354132	0.000372292	0.00031327	0.000154365	0.000926191
k__Bacteria;p__Proteobacteria;c__Gammaproteobacteria;o__Oceanospirillales	0.000131664	0.001539111	0.000195226	4.54E-06	0.000113504	4.54E-06	1.82E-05	1.82E-05	9.53E-05	4.54E-05	4.54E-06	6.81E-05	6.36E-05	9.99E-05	4.09E-05	8.63E-05	1.82E-05	0.000281489
k__Bacteria;p__Proteobacteria;c__Gammaproteobacteria;o__PYR10d3	0	0	0	0	4.54E-06	0	2.27E-05	4.54E-06	0	0	1.36E-05	0	4.09E-05	0	0	4.54E-06	4.54E-06	0
k__Bacteria;p__Proteobacteria;c__Gammaproteobacteria;o__Pasteurellales	5.45E-05	0.000122584	8.17E-05	0	1.36E-05	9.08E-06	1.36E-05	0	2.27E-05	2.72E-05	9.08E-06	1.36E-05	0	4.54E-06	2.72E-05	0	0	6.81E-05
k__Bacteria;p__Proteobacteria;c__Gammaproteobacteria;o__Pseudomonadales	0.001262162	0.000644701	0.000354132	0.000558439	0.000281489	0.000118044	0.002687769	0.002138411	0.000354132	0.000149825	0.000136205	0.000145285	0.000572059	0.000190686	0.000276949	0.000136205	0.00090803	0.000631081
k__Bacteria;p__Proteobacteria;c__Gammaproteobacteria;o__RCP1-48	0	9.08E-06	0	0	0	0	0	4.54E-06	0	0	0	0	0	2.27E-05	0	1.82E-05	0	0
k__Bacteria;p__Proteobacteria;c__Gammaproteobacteria;o__Thiohalorhabdales	2.27E-05	2.72E-05	0	0	2.72E-05	0	0	0	0	0	0	0	4.09E-05	4.54E-06	0	9.08E-06	0	4.54E-06
k__Bacteria;p__Proteobacteria;c__Gammaproteobacteria;o__Thiotrichales	0.003223507	0.002846675	0.001988586	0.000376833	0.001625374	0.00089895	0.000440395	0.004621874	0.001248541	0.00061292	0.000340511	0.000440395	0.004036194	0.00088987	0.001007913	0.000640161	0.001997666	0.002074849
k__Bacteria;p__Proteobacteria;c__Gammaproteobacteria;o__Vibrionales	0	0	0	0	0	0	0	0	1.82E-05	0	0	0	9.08E-06	0	0	0	0	2.27E-05
k__Bacteria;p__Proteobacteria;c__Gammaproteobacteria;o__Xanthomonadales	0.031703873	0.033147641	0.023290974	0.022401104	0.031104573	0.027349869	0.020875613	0.014950717	0.014360497	0.009865748	0.030164762	0.005797773	0.01174083	0.005661568	0.009802186	0.014042686	0.017416019	0.031998983
k__Bacteria;p__Proteobacteria;c__Gammaproteobacteria;o__[Marinicellales]	0	2.72E-05	0	0	9.08E-06	4.54E-06	9.08E-06	4.54E-06	2.27E-05	1.36E-05	0	9.08E-06	7.72E-05	9.08E-06	2.27E-05	4.99E-05	4.54E-06	3.18E-05
k__Bacteria;p__Proteobacteria;c__TA18;o__CV90	1.82E-05	4.54E-06	4.54E-06	0	0	0	9.08E-06	7.26E-05	0	1.82E-05	0	0	2.72E-05	1.36E-05	0	9.08E-06	0.000136205	0
k__Bacteria;p__Proteobacteria;c__TA18;o__PHOS-HD29	3.18E-05	9.08E-06	2.72E-05	4.99E-05	2.72E-05	2.72E-05	1.36E-05	0.000186146	1.82E-05	0	0.000104423	0	3.18E-05	7.72E-05	4.54E-06	9.08E-06	0.000249708	0.000127124
k__Bacteria;p__Proteobacteria;c__Zetaproteobacteria;o__Mariprofundales	0	0	0	0	0	0	0	0	0	0	4.54E-06	0	0	0	0	0	0	0
k__Bacteria;p__SAR406;c__AB16;o__ZA3648c	0	0	0	0	0	0	0	0	0	0	0	0	0	0	9.08E-06	0	0	0
k__Bacteria;p__SBR1093;c__;o__	0	0	7.26E-05	0	4.54E-06	0.000190686	0	0	0	0.000399533	2.72E-05	5.45E-05	0.006233627	0.002660528	0.004862502	0.002851215	0	0
k__Bacteria;p__SC4;c__;o__	3.18E-05	0	9.08E-06	0	9.08E-06	0	0	4.54E-06	2.27E-05	1.36E-05	0	0	9.08E-06	2.27E-05	0	9.08E-06	0	2.27E-05
k__Bacteria;p__SR1;c__;o__	0	0	0	0	0	0	0	0	0	0	0	0	0	0	0	0	4.54E-06	0
k__Bacteria;p__Spirochaetes;c__GN05;o__	0	0	0	0	0	0	0	1.36E-05	0	0	0	0	0	0	0	0	0	0
k__Bacteria;p__Spirochaetes;c__GN05;o__SBYZ_6080	4.54E-06	0	0	0	4.54E-06	0	0	0	0	1.82E-05	0	0	1.36E-05	0	1.36E-05	4.54E-06	0	1.36E-05
k__Bacteria;p__Spirochaetes;c__Spirochaetes;o__M2PT2-76	0	0	0	0	0	0	0	0	0	0	0	0	1.82E-05	0	0	0	0	3.63E-05
k__Bacteria;p__Spirochaetes;c__Spirochaetes;o__Sphaerochaetales	0	0	0	0	0	0	3.18E-05	0	0	0	0	0	0	0	0	0	0	0
k__Bacteria;p__Spirochaetes;c__Spirochaetes;o__Spirochaetales	0.000503957	0.00029511	0.000544818	0.00330069	0.000717344	0.000667402	0.001116877	0.00059476	0.000213387	0.000154365	0.000363212	6.81E-05	0.000276949	4.09E-05	0.000676482	0.000131664	0.000399533	0.000227008
k__Bacteria;p__Spirochaetes;c__[Brevinematae];o__[Brevinematales]	0	3.63E-05	4.09E-05	0	0	0	9.08E-06	0	4.54E-06	0	0	4.54E-06	0	0	9.08E-06	3.18E-05	9.08E-06	9.08E-06
k__Bacteria;p__Spirochaetes;c__[Leptospirae];o__[Leptospirales]	5.90E-05	2.72E-05	3.63E-05	1.82E-05	5.90E-05	1.82E-05	0	0.000199767	9.53E-05	1.82E-05	4.54E-06	0	5.45E-05	2.27E-05	4.99E-05	1.82E-05	4.99E-05	2.72E-05
k__Bacteria;p__TM6;c__SBRH58;o__	0	9.08E-06	0.001557272	7.72E-05	0.000199767	7.26E-05	0.001729797	9.53E-05	4.54E-06	0	0.000363212	6.36E-05	2.72E-05	9.08E-06	1.36E-05	0	0.000108964	2.72E-05
k__Bacteria;p__TM6;c__SJA-4;o__	0.005257495	0.000581139	0.005602546	0.001757038	0.004794399	0.003668442	0.008562724	0.003291609	0.00060838	9.08E-05	0.001738878	0.000435854	0.000735504	0.000408614	0.001952265	0.003368792	0.001330264	0.002542484
k__Bacteria;p__TM6;c__SJA-4;o__S1198	3.18E-05	0	0	4.54E-05	4.99E-05	0	4.09E-05	1.82E-05	0	0	0	4.54E-06	0	0	0	0	4.54E-06	4.09E-05
k__Bacteria;p__TM6;c__SJA-4;o__YJF2-48	0	0	0	9.08E-06	0	4.54E-06	0	0	0	0	0	0	0	0	0	0	0	0
k__Bacteria;p__TM7;c__SC3;o__	6.36E-05	0.000272409	0.000249708	0.000186146	0.000213387	0.000272409	0.000163445	9.08E-05	0	2.72E-05	7.72E-05	0	8.17E-05	5.90E-05	4.09E-05	4.09E-05	0.000249708	0.000376833
k__Bacteria;p__Tenericutes;c__Mollicutes;o__Anaeroplasmatales	0	2.72E-05	0	0	4.54E-06	0	0	4.54E-06	0	0	0	0	0	0	0	0	0	0
k__Bacteria;p__Tenericutes;c__Mollicutes;o__Mycoplasmatales	0	0	0	0	0	0	4.54E-06	0	0	0	0	0	0	4.54E-06	0	0	0	0
k__Bacteria;p__Verrucomicrobia;Other;Other	1.36E-05	0	9.08E-06	0	0	0	4.54E-06	4.99E-05	0	0	0	0	0	0	0	0	4.54E-06	0
k__Bacteria;p__Verrucomicrobia;c__;o__	0	0	0	0	0	0	0	0	0	0	0	0	0	0	0	0	9.08E-06	0
k__Bacteria;p__Verrucomicrobia;c__Opitutae;Other	0	0	0	0	1.36E-05	0	0	0	0	0	0	0	0	0	0	0	0	0
k__Bacteria;p__Verrucomicrobia;c__Opitutae;o__	4.54E-05	3.18E-05	4.54E-06	0	0	0	1.82E-05	2.72E-05	4.54E-06	1.82E-05	0	1.36E-05	3.63E-05	0	4.54E-06	2.27E-05	1.82E-05	1.82E-05
k__Bacteria;p__Verrucomicrobia;c__Opitutae;o__Opitutales	0.002515244	0.001775199	0.002619667	0.001875082	0.002061228	0.005166692	0.003627581	0.002683229	0.000780906	0.000481256	0.003377872	0.001970425	0.002242835	0.001970425	0.002478922	0.003087303	0.002755872	0.002024907
k__Bacteria;p__Verrucomicrobia;c__Opitutae;o__Puniceicoccales	0	0	0	0	0	0	0	2.27E-05	0	0	0	0	0	0	0	0	0	0
k__Bacteria;p__Verrucomicrobia;c__Opitutae;o__[Cerasicoccales]	2.27E-05	2.27E-05	0.000177066	4.09E-05	3.63E-05	2.72E-05	9.08E-06	7.72E-05	0	9.08E-06	0	0	3.63E-05	0	1.82E-05	0	0.000163445	1.82E-05
k__Bacteria;p__Verrucomicrobia;c__Verruco-5;o__LD1-PB3	0	0	9.08E-06	0	0	0	0	2.72E-05	4.54E-06	0	0	0	0	0	0	0	1.82E-05	0
k__Bacteria;p__Verrucomicrobia;c__Verruco-5;o__R76-B128	0	0	0	0	0	0	0	0	0	0	0	0	0	0	0	0	0	4.54E-06
k__Bacteria;p__Verrucomicrobia;c__Verruco-5;o__WCHB1-41	5.45E-05	1.36E-05	4.54E-06	0	1.82E-05	4.54E-06	0	3.18E-05	4.54E-06	9.08E-06	0	0	1.36E-05	1.82E-05	4.54E-06	0	1.36E-05	9.08E-06
k__Bacteria;p__Verrucomicrobia;c__Verrucomicrobiae;o__Verrucomicrobiales	0.000363212	0.000335971	0.000204307	0.000104423	0.000172526	0.000326891	6.36E-05	0.001071476	0.000127124	0.000118044	0.000167986	4.09E-05	0.000408614	0.000145285	0.000140745	9.53E-05	0.001225841	0.000367752
k__Bacteria;p__Verrucomicrobia;c__[Methylacidiphilae];o__Methylacidiphilales	0.000662862	0.000394993	0.000540278	0.000558439	0.000335971	0.000980673	0.000118044	4.09E-05	0	5.90E-05	0.000503957	8.17E-05	0	0.000317811	2.27E-05	7.72E-05	0.000181606	0.000463095
k__Bacteria;p__Verrucomicrobia;c__[Methylacidiphilae];o__S-BQ2-57	0.001266702	0.001593593	0.006796606	0.00059476	0.003096383	0.00179336	0.000744585	0.001398366	5.45E-05	4.09E-05	3.63E-05	1.36E-05	0.000190686	8.17E-05	2.72E-05	0.000108964	0.002292776	0.000690103
k__Bacteria;p__Verrucomicrobia;c__[Pedosphaerae];o__	0	2.27E-05	0	0	0	0	0	0	0	0	9.08E-06	0	2.72E-05	0	0	0	0	0
k__Bacteria;p__Verrucomicrobia;c__[Pedosphaerae];o__[Pedosphaerales]	0.055816614	0.051212901	0.069632293	0.045587654	0.055848395	0.025960582	0.055961899	0.067371298	0.015495535	0.02348166	0.050731645	0.012607999	0.032970575	0.022328462	0.032353115	0.053909751	0.103815089	0.050227689
k__Bacteria;p__Verrucomicrobia;c__[Spartobacteria];o__[Chthoniobacterales]	0.00691011	0.014051767	0.00512129	0.014664687	0.005230254	0.002424441	0.002260995	0.013706715	0.00151187	0.000758205	0.006982752	0.000553898	0.002651448	0.007927103	0.006474255	0.042681958	0.063466768	0.034523307
k__Bacteria;p__WPS-2;c__;o__	0.002783112	0.003672982	0.003205346	0.005548064	0.004004413	0.001843301	0.013121036	1.82E-05	0.027794803	0.007618373	0.012122203	0.002465302	0.000227008	0.004245041	0.001461929	0.002510703	5.45E-05	0.003178106
k__Bacteria;p__WS1;c__;o__	0	1.82E-05	4.09E-05	0	2.27E-05	0	9.08E-06	0	3.18E-05	0	4.54E-06	1.36E-05	4.99E-05	1.82E-05	9.08E-06	0	0	2.27E-05
k__Bacteria;p__WS2;c__SHA-109;o__	1.36E-05	0	0	0	9.08E-06	0	0	1.36E-05	0	0	0	0	1.36E-05	1.36E-05	0	0	0	4.54E-06
k__Bacteria;p__WS3;c__PRR-12;Other	9.08E-06	0	0	0	4.54E-06	0	0	0	4.54E-06	9.08E-06	0	0	1.82E-05	0	0	4.54E-06	0	1.82E-05
k__Bacteria;p__WS3;c__PRR-12;o__	0.000118044	0.000104423	4.54E-05	1.82E-05	4.54E-05	0	9.08E-06	3.63E-05	4.54E-05	2.72E-05	9.08E-06	1.82E-05	5.45E-05	3.18E-05	2.27E-05	2.72E-05	1.36E-05	5.45E-05
k__Bacteria;p__WS3;c__PRR-12;o__LD1-PA13	0.000572059	0.000749125	0.000158905	1.36E-05	0.000476716	4.09E-05	4.09E-05	0.000712804	0.00030419	0.000104423	4.09E-05	9.53E-05	0.000385913	0.000186146	0.00029965	0.000163445	0.000276949	0.000440395
k__Bacteria;p__WS3;c__PRR-12;o__PBS-III-9	2.72E-05	2.27E-05	4.54E-06	4.54E-06	4.09E-05	4.54E-06	0	0	9.08E-06	9.08E-06	9.08E-06	0	1.82E-05	0	0	4.54E-06	4.54E-06	4.54E-06
k__Bacteria;p__WS3;c__PRR-12;o__Sediment-1	0.003282529	0.002174732	0.001248541	0.000267869	0.001253082	0.000140745	0.00030873	0.008630827	0.001107797	0.000830848	0.000258789	0.000317811	0.001698016	0.000799067	0.000676482	0.000726424	0.011277735	0.002152031
k__Bacteria;p__WS3;c__PRR-12;o__wb1_H11	9.08E-06	0	9.08E-06	9.08E-06	1.82E-05	4.54E-06	0	4.54E-05	3.63E-05	4.54E-06	0	0	9.08E-06	0	9.08E-06	0	9.08E-06	5.45E-05
k__Bacteria;p__WS4;c__;o__	0.000276949	0.000404073	0.000104423	3.63E-05	9.53E-05	0	1.36E-05	4.54E-06	6.36E-05	5.45E-05	1.36E-05	2.72E-05	0.00028603	4.09E-05	8.17E-05	7.72E-05	1.36E-05	0.000222467
k__Bacteria;p__WS5;c__;o__	9.08E-06	0	0	0	0	0	4.54E-06	0	0	0	0	0	0	0	4.54E-06	9.08E-06	0	0
k__Bacteria;p__WWE1;c__[Cloacamonae];o__[Cloacamonales]	0.000104423	6.81E-05	1.36E-05	0	8.17E-05	0	0	1.36E-05	1.82E-05	1.82E-05	0	4.54E-06	4.99E-05	1.36E-05	1.82E-05	3.18E-05	2.72E-05	8.17E-05
k__Bacteria;p__[Caldithrix];c__KSB1;o__Ucn15732	2.72E-05	0	0	0	1.36E-05	4.54E-06	4.54E-06	0	0	4.54E-06	0	0	4.09E-05	0	0	0	4.54E-06	1.36E-05
k__Bacteria;p__[Thermi];c__Deinococci;o__Deinococcales	0	9.08E-06	2.72E-05	0	0	0	0	0	2.27E-05	9.08E-06	0	4.54E-06	1.82E-05	2.27E-05	0	2.27E-05	0	4.54E-06
k__Bacteria;p__[Thermi];c__Deinococci;o__Thermales	0	0	0	0	0	0	0	0	0	0	0	4.54E-06	0.001843301	0	0	0	0	0
